birds/birdsukmo-hadcm3_run1bwd.asc
NCOLS 255 
NROWS 267 
XLLCORNER -16100344 
YLLCORNER -6047616 
CELLSIZE 50000 
NODATA_value -9999 
[rows 0 to 28 of 267, columns 130 to 194 of 255]
-9999 -9999 -9999 -9999 -9999 -9999 -9999 -9999 -9999 -9999 -9999 -9999 -9999 -9999 -9999 -9999 -9999 -9999 -9999 -9999 -9999 -9999 1.41558481283422 -9999 -9999 1.41712771618625 1.41608675645342 1.4365876940133 1.43822636363636 1.44940863636364 1.47332945914845 0.052447668997669 0.952217951668585 0.0572752913752914 0.124229836829837 0.192490333716916 0.042280401416765 0.236098977272727 0.236679431818182 0.185585155350978 1.60477477272727 0.0757576923076923 1.62583852272727 0.0699301864801865 1.03705937859609 0.0757839433293979 1.67007756041427 1.70371556818182 0.0951778040141677 1.74998863636364 1.8420995618839 1.86636637458927 1.85516374859708 1.85182306818182 1.90805553121577 1.94008192904656 2.05882654127482 2.02864665936473 2.10234502673797 2.12787443850267 2.15750951374207 2.45246798839458 2.40227432567433 2.49917565982405 2.50234219367589
-9999 -9999 -9999 -9999 -9999 -9999 -9999 -9999 -9999 -9999 -9999 1.24187995618839 1.31522420718816 1.29125591966173 1.32349326203209 1.30403213530655 1.32194535005225 1.33862431289641 1.34964748663102 1.40679640591966 1.35696474501109 1.35878481152993 1.43807114164905 1.56023742746615 -9999 1.82998669165886 1.81008951762523 1.73185791940019 4.19047832167832 2.77421299915038 3.79228658357771 2.27791140819964 1.6120603030303 1.57625981404959 1.5984633299285 1.54919090909091 1.53883647058824 1.55085941558442 1.56593121577218 1.5982278338945 1.58658507295174 1.59372329545455 1.60495840909091 1.62721441241685 1.65016284090909 1.71454566596195 1.74746479915433 -9999 -9999 -9999 -9999 -9999 -9999 -9999 -9999 -9999 -9999 -9999 -9999 -9999 -9999 -9999 -9999 -9999 -9999
-9999 -9999 -9999 -9999 -9999 -9999 -9999 1.24463921139102 1.24932620320856 -9999 -9999 -9999 -9999 -9999 -9999 -9999 -9999 -9999 -9999 -9999 -9999 -9999 -9999 2.19898843777582 2.56270458640459 1.79949842300557 2.82118100649351 3.07323416666667 3.04870753690754 2.84831630094044 2.42707476635514 2.54147221750212 2.25888073807381 2.34898325832583 1.66991505376344 1.81575990430622 1.55659833822092 1.53660084566596 1.52651680761099 1.00756022727273 1.59828481152993 1.61223437826541 -9999 -9999 -9999 -9999 -9999 -9999 -9999 -9999 -9999 -9999 -9999 -9999 -9999 -9999 -9999 -9999 -9999 -9999 -9999 -9999 -9999 -9999 -9999
1.64143918495298 1.26414513368984 1.26406192513369 -9999 -9999 -9999 -9999 -9999 1.73544386892178 1.7604021141649 1.80295987460815 -9999 -9999 -9999 1.37591511961723 1.40108932806324 1.34609614624506 1.35143666333666 1.51145303030303 1.52559810606061 -9999 -9999 -9999 -9999 -9999 -9999 -9999 3.2638736677116 3.21961883116883 1.83833727272727 1.47999188660802 1.48708747474747 0.172071084337349 0.145886031042129 1.52534344608879 1.52993863636364 2.01068191287879 1.5141785645933 -9999 -9999 -9999 -9999 -9999 -9999 -9999 -9999 -9999 -9999 -9999 -9999 -9999 -9999 -9999 -9999 -9999 -9999 -9999 -9999 -9999 -9999 -9999 -9999 -9999 -9999 -9999
-9999 -9999 -9999 -9999 -9999 -9999 -9999 -9999 -9999 -9999 -9999 -9999 -9999 -9999 -9999 -9999 -9999 -9999 -9999 -9999 -9999 -9999 -9999 -9999 3.17960989541432 3.65411547049442 -9999 -9999 -9999 -9999 -9999 -9999 -9999 -9999 -9999 -9999 -9999 -9999 -9999 -9999 -9999 -9999 -9999 -9999 -9999 -9999 -9999 -9999 -9999 -9999 -9999 -9999 -9999 -9999 -9999 -9999 -9999 -9999 -9999 -9999 -9999 -9999 -9999 -9999 -9999
1.16843312434692 1.06291539256198 1.06668274793388 1.14231508264463 1.06614892747702 -9999 -9999 -9999 -9999 -9999 -9999 -9999 -9999 -9999 -9999 -9999 -9999 -9999 -9999 -9999 2.99271907467532 2.68650367132867 3.10293841113841 3.82428293460925 3.44557232854864 2.19928216783217 -9999 -9999 2.99612513914657 4.22679393939394 5.08349588189588 3.38812335115865 1.59867410147992 1.0110633192389 2.06083677221655 2.67249734848485 2.77997004784689 -9999 2.30090803177405 3.52530899814471 2.31997254725473 2.94147225866917 2.24701549165121 2.22399839015152 2.23337452651515 -9999 -9999 -9999 -9999 -9999 -9999 -9999 -9999 -9999 -9999 -9999 -9999 -9999 -9999 -9999 -9999 -9999 -9999 -9999 -9999
-9999 1.00017618577075 1.00406136363636 -9999 -9999 -9999 -9999 -9999 1.68311359044995 1.77221341134113 -9999 -9999 -9999 -9999 -9999 -9999 -9999 -9999 -9999 2.91897735247209 2.86682099173554 3.62139388576026 2.91762786745964 3.81593668543846 3.10569537037037 3.12065311447811 -9999 4.34136434659091 4.44746569602273 4.34774582111437 4.19227813267813 5.20064785875282 4.13981351351351 2.74318451845185 3.51835749158249 3.44215819964349 3.49391845184518 3.48088374125874 2.14351141414141 1.54211818181818 1.578294397463 1.56594269662921 1.57669535123967 1.56327021943574 1.54965987460815 1.57664900731452 1.58249830866808 3.01760159325211 0.126035109717868 -9999 -9999 -9999 -9999 -9999 -9999 -9999 -9999 -9999 -9999 -9999 -9999 -9999 -9999 -9999 -9999
-9999 -9999 -9999 -9999 -9999 -9999 1.24769630963096 1.06503681368137 1.43176644010195 1.17900707070707 1.24917614761476 1.27464836363636 -9999 -9999 -9999 -9999 -9999 -9999 -9999 -9999 -9999 -9999 3.86524545454545 4.37103898989899 3.88762769886364 3.14061988636364 3.6207588042588 2.89566125743415 3.27611351568785 3.81370357142857 3.83707913961039 3.49145711835334 3.68914867768595 3.77239886363636 4.08951834710744 3.74567542997543 3.43428547153781 3.79528425324675 3.99604835423197 4.52148383838384 4.57896144200627 3.5709632034632 4.23356702479339 2.88878071625344 2.94743051948052 2.23002155576382 2.19376832535885 3.58666267482517 1.01059592476489 0.120096590909091 3.03659499489275 3.04187701736466 1.60491475935829 1.62047753396029 1.62603594566353 0.0642827695560254 -9999 -9999 -9999 -9999 -9999 -9999 -9999 -9999 -9999
-9999 -9999 1.58733824733825 1.70527972646822 1.63607905844156 1.74032469831054 -9999 -9999 -9999 -9999 2.13002531468531 2.240659888966 2.39071675712347 2.6594803030303 2.83516398071625 2.86308321678322 2.6985324009324 -9999 -9999 -9999 -9999 -9999 -9999 -9999 -9999 -9999 -9999 -9999 4.22646676136364 3.00811172472387 3.51390132231405 3.54544214876033 3.72464292490119 4.41158873027799 -9999 -9999 -9999 -9999 -9999 -9999 -9999 -9999 -9999 -9999 -9999 4.52035156739812 5.26446159090909 5.25588798151002 6.40633517482518 5.18353401253919 5.51205177195686 5.00609316239316 5.02478706896552 4.46986597164304 4.74826223140496 3.02361407624633 1.60368045977012 3.12463796203796 2.34868845760981 4.88870262080262 4.79682370766488 -9999 -9999 -9999 -9999
-9999 -9999 -9999 2.43298376127689 2.57548417508418 -9999 -9999 -9999 -9999 -9999 2.46641320504313 2.82853675889328 2.73963283191629 2.56998115835777 2.44843297258297 3.02061132637854 3.0762436661699 2.84972075876879 3.06208090204369 3.07371931818182 4.03080984848485 3.59113521031208 -9999 -9999 -9999 -9999 -9999 4.15969893048128 2.72765655594406 3.52822353896104 4.21418787878788 3.82415454545455 3.41194188948307 -9999 -9999 -9999 -9999 -9999 -9999 -9999 -9999 -9999 -9999 -9999 -9999 -9999 -9999 -9999 -9999 -9999 -9999 6.70447037279268 6.72052397891963 5.15200809778457 6.99359665454545 6.18347600596125 4.53645300171527 4.98585795454545 3.07889425837321 3.17524740957967 1.62083770661157 3.21975990909091 1.65417972831766 -9999 -9999
2.3059776119403 2.45475379918589 2.34848603896104 2.59705254674404 2.2363334205363 2.30053120567376 2.32664149350649 2.51136675324675 2.45000053085601 2.67805271370421 2.08817790096083 2.09424787390029 2.58995846267554 2.57389816715543 3.04905643636364 3.23236596363636 2.55694650040225 2.16475696413678 3.29887952697709 2.19544723874257 2.77372976669348 3.41240244461421 3.94201244755245 4.09846607869742 3.91074712005552 3.53197148093842 3.80853095611285 4.28278129657228 4.52213252840909 4.378520473644 3.82313145615446 3.65080538720539 2.94178217468806 4.0330730671198 -9999 -9999 -9999 -9999 -9999 -9999 -9999 -9999 -9999 -9999 -9999 -9999 -9999 -9999 -9999 -9999 -9999 -9999 7.15669148124603 7.3302740353172 7.05845291039895 -9999 7.08686020979021 4.96946300395257 4.92141305785124 4.62472005347594 3.86826632653061 1.64186737373737 1.63056229338843 1.65554328512397 0.0342080338266385
2.18134673495519 2.41576325757576 2.23719987285442 2.19909618563255 1.83822398452611 2.41776741357234 2.44012487373737 2.27343487012987 2.23120520421607 2.22368955223881 2.20608056904927 2.1627044011544 2.14133391902215 2.19096508785332 2.85564254261364 3.41055603693182 3.04432549715909 2.97724122257053 3.63338881673882 3.67987627494457 3.78253378668576 3.59814237415477 3.52085666666667 3.56524004329004 3.72916181818182 -9999 -9999 -9999 -9999 -9999 -9999 -9999 -9999 -9999 -9999 -9999 -9999 -9999 -9999 -9999 -9999 -9999 -9999 -9999 -9999 -9999 -9999 -9999 -9999 -9999 7.0461899800929 6.24157265993266 6.41179284759358 6.65493682813537 7.17605845117845 7.19448656417112 7.32083629579376 6.76372248438584 6.63704823039556 5.8495280857354 7.38915829285219 -9999 -9999 -9999 -9999
1.74431754609027 1.84448962868118 1.80322689129053 1.80006921630094 1.968154169279 2.14111957070707 2.18116564263323 2.19238837662338 2.2129263322884 2.20030012894907 1.93251603896104 2.72081857142857 2.54427402597403 3.03954558823529 2.3086720333102 2.34167308238636 2.8093693962526 3.38857147814018 2.2498343605547 3.11508517138599 3.34052848962062 2.77678901818182 4.26345856389987 4.33178135704875 -9999 -9999 3.76026587412587 3.67632428977273 4.27105384615385 2.94516826923077 -9999 -9999 -9999 -9999 -9999 -9999 -9999 -9999 -9999 -9999 -9999 -9999 -9999 4.06622244062244 4.42084452214452 5.47743962121212 5.47884530672579 6.39913093727977 6.27693851492019 6.52428765264586 6.01496831750339 5.80598589090909 6.120153125 5.64551985454546 -9999 5.43563802308802 4.13938748957465 2.305102 2.29791018181818 2.34024554455446 2.39740581068416 2.45256957328386 7.04290352781547 -9999 -9999
1.48974823232323 1.50149129321383 1.51212415766052 1.45804690382082 1.63749363636364 1.71099220779221 1.73568258642766 1.77057932138284 1.77478077922078 1.70288504611331 1.67815662337662 1.52108734006734 2.36367042160738 1.89921660079051 2.49083746753247 2.85893852190974 3.35565733244857 3.0630718116416 -9999 -9999 -9999 -9999 -9999 -9999 -9999 -9999 3.68624434420541 3.6107823313783 3.16655258181818 3.51451515151515 -9999 -9999 -9999 4.61632958271237 5.66369887244538 -9999 -9999 -9999 -9999 -9999 -9999 -9999 -9999 -9999 -9999 -9999 -9999 -9999 -9999 -9999 -9999 -9999 5.91667702219041 4.21236933744222 2.64156687668767 4.16886863226863 5.4740453030303 4.11336532582462 2.374245 1.73176837121212 2.33380793036751 1.01041518595041 1.66778026859504 2.87673919843597 3.62441736363636
0.838208021390374 0.89515600530856 0.889401153324288 0.952915107913669 1.36996924564797 1.33543061497326 1.37484077540107 1.01358114973262 1.41531310160428 1.57822634372926 1.3410028708134 1.53944846304774 1.67620073529412 1.73423387835186 1.7542369063772 1.7635570855615 -9999 -9999 -9999 -9999 -9999 -9999 -9999 -9999 -9999 -9999 -9999 -9999 -9999 -9999 -9999 -9999 -9999 -9999 -9999 -9999 -9999 -9999 -9999 -9999 -9999 -9999 -9999 -9999 -9999 -9999 -9999 -9999 -9999 -9999 -9999 -9999 -9999 -9999 -9999 -9999 2.73160909090909 2.28000772727273 1.69310939393939 0.402740143003064 5.77674423765211 7.46447496706192 6.94263260188088 -9999 -9999
0.715265860039241 0.830850946969697 0.858671753246753 0.853536100131752 0.885125179856115 0.906068313570487 0.862530922362309 0.899977740641711 1.00638276094276 0.929998778833107 1.05822211476467 1.13805716154349 1.0932334006734 1.67030676841407 -9999 -9999 -9999 -9999 -9999 -9999 -9999 -9999 -9999 -9999 -9999 -9999 -9999 -9999 -9999 -9999 -9999 4.18019761114798 4.66258390572391 -9999 -9999 -9999 -9999 -9999 -9999 -9999 -9999 -9999 -9999 -9999 -9999 -9999 -9999 -9999 -9999 -9999 -9999 -9999 -9999 -9999 -9999 -9999 -9999 -9999 -9999 6.0368796875 3.66318164665523 3.36576776094276 3.10705295675199 -9999 -9999
0.56980633431085 0.618019303423849 0.688354545454545 0.697505875077304 0.75665321969697 0.804470438652257 0.680029117259552 0.781073589913736 0.760110695187166 0.76889672459893 0.73036652572234 -9999 -9999 -9999 -9999 -9999 -9999 -9999 -9999 -9999 -9999 -9999 -9999 -9999 -9999 -9999 -9999 -9999 -9999 -9999 -9999 -9999 -9999 -9999 -9999 -9999 -9999 -9999 -9999 -9999 -9999 -9999 5.37273405483405 5.23014819518717 5.34556672979798 5.32881021943574 6.25143026315789 6.26836333732057 6.27078781937017 6.34240553883203 5.32701674641148 5.3543086013986 -9999 -9999 -9999 -9999 -9999 -9999 -9999 -9999 -9999 -9999 -9999 -9999 -9999
0.482869239565466 0.483931526806527 0.445481055718475 0.481883589138135 0.46261812039312 0.595417137592138 0.464035915492958 0.458633526756931 0.435177436232832 0.453332202304738 -9999 -9999 -9999 -9999 -9999 -9999 -9999 -9999 -9999 -9999 -9999 -9999 -9999 -9999 -9999 -9999 -9999 -9999 -9999 -9999 -9999 -9999 -9999 -9999 -9999 -9999 -9999 -9999 -9999 -9999 -9999 -9999 4.61129375 4.60041107954545 3.5091885026738 4.78012305665349 4.83797142857143 5.85320808080808 5.85061111793612 5.98274476010101 5.96505573667712 6.05590049474335 6.05758271446863 6.54755842424242 6.18229916183108 6.10681654676259 5.8812358041958 -9999 -9999 -9999 -9999 -9999 -9999 -9999 -9999
0.401510053475936 0.385256677890011 0.418940852974186 0.442323625140292 0.426733947065593 0.413368181818182 0.495500060204696 0.362933333333333 0.288072537878788 0.304432142857143 -9999 -9999 -9999 -9999 -9999 -9999 -9999 -9999 -9999 -9999 -9999 -9999 -9999 -9999 -9999 -9999 -9999 -9999 -9999 -9999 -9999 -9999 -9999 -9999 -9999 -9999 -9999 -9999 -9999 -9999 -9999 -9999 -9999 4.47570936639118 3.68865253296322 3.59484839371155 4.30135581550802 5.34288043887147 5.4375619949495 5.72094704087858 5.40781718555417 5.51890658938377 5.93481493960585 5.84376888604353 5.69232891414141 5.4953698739217 5.30367672998643 -9999 -9999 -9999 -9999 -9999 -9999 -9999 -9999
0.274698584648884 0.300984632034632 0.313143581267218 0.314068711656442 0.335629157427938 0.373169678492239 0.313818639222413 0.303681185270426 0.36681505312869 -9999 -9999 -9999 -9999 -9999 -9999 -9999 -9999 -9999 -9999 -9999 -9999 -9999 -9999 -9999 -9999 -9999 -9999 -9999 -9999 -9999 -9999 -9999 -9999 -9999 -9999 -9999 -9999 -9999 -9999 -9999 -9999 -9999 3.87111651630812 3.11237104895105 3.16888844839371 3.06167320217096 3.57142116788321 4.23743815620999 4.35068860435339 4.39882612841704 4.28316518243661 4.02462575757576 4.55801911581569 4.29333204068659 4.71300618955513 4.75869512987013 4.50496707792208 -9999 -9999 -9999 -9999 -9999 -9999 -9999 -9999
0.244699681020734 0.259437116729424 0.243729014697877 0.249980777656079 0.277185920177384 0.293109652076319 0.301178471834914 0.291228824833703 0.231085615650173 0.268254836829837 0.387006906729634 0.521637285012285 -9999 -9999 -9999 -9999 -9999 -9999 -9999 -9999 -9999 -9999 -9999 -9999 -9999 -9999 -9999 -9999 -9999 -9999 -9999 -9999 -9999 -9999 -9999 -9999 -9999 -9999 -9999 -9999 -9999 -9999 -9999 3.12659712566845 3.48603328973185 3.53023073904513 3.43619051948052 3.42464332688588 3.41057426289926 3.44378533930858 3.60637727272727 3.64148312577833 3.53451579626048 3.70135619834711 3.69412371265099 3.62301536491677 3.62814090909091 3.48956465352829 3.34166554677207 3.946550249066 3.68832763636364 -9999 -9999 -9999 3.79870326504481
0.234637777777778 0.211850878099174 0.216573406478579 0.242277589852008 0.235732846320346 0.215322809917355 0.249316118237591 0.247984545454545 0.234772784810127 0.303000826446281 0.315416407982262 0.256922984562607 0.346788875598086 -9999 -9999 -9999 -9999 -9999 -9999 -9999 -9999 -9999 -9999 -9999 -9999 -9999 -9999 -9999 -9999 -9999 -9999 -9999 -9999 -9999 -9999 -9999 -9999 -9999 -9999 -9999 -9999 -9999 -9999 -9999 2.99169641485275 3.04026062740077 3.19355429808287 3.12361275252525 3.25753301096067 3.15156224747475 2.82155364916773 3.10454848484848 2.65164513444302 2.69955364916773 2.71446834075016 2.69545918762089 2.89895339308579 2.46551988636364 3.40401177156177 3.13846345083488 3.40097709330144 3.39235145454545 3.01451583178726 3.04386487322202 3.66886513075965
0.255016808712121 0.214233979135618 0.215617378201909 0.217535798664612 0.238433987603306 0.204557954545455 0.259428488372093 0.265751302498671 0.258561818181818 0.266365215024496 0.287826619488296 0.328470281765019 0.340637493275955 0.345397077922078 -9999 0.35101501726122 0.341978571428571 0.354097846889952 -9999 -9999 -9999 -9999 -9999 -9999 -9999 -9999 -9999 -9999 -9999 -9999 -9999 -9999 -9999 -9999 -9999 -9999 -9999 -9999 -9999 -9999 -9999 -9999 -9999 -9999 2.3539103030303 2.96029309090909 3.10123264185479 3.15082966830467 3.16858903030303 2.52244327521793 2.49979523204069 2.55944590586718 2.52231142857143 2.5422112987013 2.46570448051948 2.51158595611285 2.41438729851709 2.42857220405494 2.16911763636364 2.01480442260442 2.01245584415584 1.92683454545455 2.36514127272727 2.17310068027211 2.64996853642811
0.222665620673742 0.205749005681818 0.214113685239492 0.218476850471932 0.241196174863388 0.247648551448551 0.257045603576751 0.284395602766798 0.264150279329609 0.313907352210631 0.334105173279759 0.333326861838726 0.311843948051948 0.287224697845507 0.304351532769556 0.332699682875264 0.336084485574306 0.334246784922395 0.362064758698092 0.414341919191919 0.406160830527497 0.440854093732355 0.430189034090909 -9999 -9999 -9999 -9999 -9999 -9999 -9999 -9999 -9999 -9999 -9999 -9999 -9999 -9999 -9999 -9999 -9999 -9999 -9999 -9999 -9999 1.91116854066986 1.9799731487056 2.31886272727273 1.66315759651308 1.69007242220866 1.59995523510972 1.46395915317559 1.70781061665607 1.51876235595391 1.7005509469697 1.57161268939394 1.62096498771499 1.20012040549379 0.996672727272727 1.50817298701299 1.62255344722392 1.59343405889885 1.44672272727273 1.51501363636364 1.51103032467532 1.52413935064935
0.203012691269127 0.196007 0.205079259936044 0.172590811861935 0.206054258373206 0.225431818181818 0.22606509479825 0.226273611793612 0.257850537634409 0.273515675675676 0.298668108108108 0.293742907092907 0.29958981018981 0.32280218579235 0.338501748251748 0.351321747865394 0.341629275808937 0.323083228840125 0.295738353953739 0.325712738160044 0.354578368017525 0.393168209036473 0.441284400215169 0.443500537923615 0.372512738160044 0.391038170865279 -9999 -9999 -9999 -9999 -9999 -9999 -9999 -9999 -9999 -9999 -9999 -9999 -9999 -9999 -9999 -9999 -9999 1.77207436950147 1.47707328767123 1.48438754427391 1.52828959330144 1.43227285095857 1.34920049140049 1.10616846011132 1.06484739811912 1.39437285012285 0.670656192358366 0.571712355953905 1.11319482323232 1.08829110115237 0.422526801346801 0.960041370223979 0.80422012987013 1.11218106060606 1.09822606484425 0.78959987012987 0.677487967914439 1.29915640345056 0.992254077540107
0.230532873376623 0.198298081734779 0.241514479638009 0.325131023236853 0.296856892872386 0.257419081908191 0.232602119642016 0.243207177033493 0.286651799242424 0.262050717703349 0.265501118133204 0.256179940711462 0.264445553359684 0.282839575098814 0.297796294466403 0.290408191808192 0.310854796584631 0.340044198895028 0.341036763236763 0.366518132141083 0.42671023976024 0.453999155489319 0.463538372677047 0.445195584415584 0.429230549682875 0.343560925039872 0.389789261031366 0.343324189261031 -9999 -9999 -9999 -9999 -9999 -9999 -9999 -9999 -9999 -9999 -9999 -9999 -9999 -9999 -9999 0.413226888604353 0.697773225404732 0.5258853432282 0.406566021921341 0.662866181818182 0.593894169278997 0.700813333333333 0.618161732186732 0.629937100737101 0.589872601880878 0.623593197278911 0.567850603941513 0.625214796238245 0.530339628681178 0.53758066581306 0.554129671717172 0.467159025032938 0.502825194805195 0.540740877304514 0.42739110529758 0.595257298335467 0.560917662337662
0.208521631493506 0.221119539284245 0.265556186868687 0.324973789294817 0.323185405625764 0.342467933884298 0.388784028356964 0.36453873330461 0.388918664909969 0.387398058252427 0.351447136363636 0.307616783216783 0.359794214876033 0.301716666666667 0.398873834794647 0.304828342245989 0.354162097162097 0.308991699604743 0.316148633879781 0.343154694485842 0.336992107892108 0.364539443616493 0.379335514485515 0.43565662055336 0.465742800982801 0.460775608544461 0.476972576594676 0.457961138861139 0.395749846782431 0.427094141414141 0.42004708886619 0.522696901980701 0.66575702020202 -9999 -9999 -9999 -9999 -9999 -9999 0.929774741735537 0.72900543302851 0.610855151515151 0.550118066743383 0.640230228667038 0.687753939393939 0.674936988636364 0.719364361405466 0.746871492704826 0.748993393562959 0.649939691027926 0.706101806526807 0.714650407925408 0.739360393746381 0.671763929618768 0.704837653958944 0.583773515151515 0.594202334152334 0.64249240430622 0.638011004784689 0.643799461722488 0.602508666666667 0.647314913844326 0.61558970499699 0.555641620284477 0.703542365967366
0.237196698113208 -9999 -9999 0.322243628061436 0.302778156565657 0.333175604670559 0.350909467951403 0.386541743119266 0.419983486238532 0.403233446088795 0.414030772513871 0.392696244131455 0.363128238910848 0.338760621062106 0.297429452690167 0.257440452140452 0.349180979020979 0.32720165719697 0.312428578336557 0.33469003868472 0.350430174081238 0.386278046421663 0.353793971803597 0.367123578026252 0.366316106719368 0.381802555282555 0.404073023715415 0.419835528255528 0.438689090909091 0.455455434782609 0.478759115216334 0.512376076555024 0.516302855782961 0.582938446969697 -9999 -9999 -9999 -9999 -9999 -9999 1.01991368523949 0.859686412512219 0.6779714716223 0.750938874937217 0.757700252525253 0.634583832335329 0.706020308346624 0.683903354978355 0.692374610005379 0.737138149350649 0.709483813747228 0.734041675794085 0.686231374722838 0.650392320722755 0.644604065499718 0.628285795454545 0.626984448256146 0.622654659805603 0.590824128073185 0.605507622811971 0.62546737311768 0.575602973127501 0.615953133822699 0.620091699604743 0.628982042648709
0.235010344827586 0.206300730927364 -9999 -9999 -9999 0.285831601731602 0.315552421410365 0.330932752761257 0.338159069568929 0.358346862996159 0.373121183932347 0.384071797040169 0.389727572898799 0.414647898799314 0.377266958041958 0.364739037433155 0.423085227272727 0.422079645232816 0.383251289009498 0.349520443008768 0.431965571557156 0.486329456327986 0.403412321181357 0.426785417628057 0.435541743970315 0.404435986811116 0.413647998115874 0.371921275583056 0.378746267942584 0.416897253787879 0.446186905322657 0.476527746212121 0.534098508158508 0.503955053068759 -9999 -9999 -9999 -9999 -9999 -9999 0.803697156177156 0.640290716690717 0.60125430238211 0.653474526008751 0.648131445603577 0.706361523341523 0.61812868338558 0.58431614973262 0.612710188087774 0.700347584415584 0.6100338794926 0.705599896694215 0.588346166484118 0.596103463203463 0.57066132231405 0.597194393032118 0.549586917960089 0.514287317620651 0.619410253699789 0.52027300109529 0.569114117647059 0.561388181818182 0.637264245810056 0.649207618080244 0.626639674198634
