birds/birdsmri_cgcm2.3.2a_run1bwd.asc
NCOLS 255 
NROWS 267 
XLLCORNER -16100344 
YLLCORNER -6047616 
CELLSIZE 50000 
NODATA_value -9999 
[rows 0 to 28 of 267, columns 130 to 194 of 255]
-9999 -9999 -9999 -9999 -9999 -9999 -9999 -9999 -9999 -9999 -9999 -9999 -9999 -9999 -9999 -9999 -9999 -9999 -9999 -9999 -9999 -9999 2.03929151515152 -9999 -9999 0.122451900826446 0.034121568627451 0.035650623885918 0.035650623885918 0.035650623885918 0.0524475524475524 0.035650623885918 0.035650623885918 0.035650623885918 0.00909090909090909 0.128488413547237 0.0370969696969697 0.227303846153846 0.293744768439108 0.13986013986014 0.0749930481283422 0.113636363636364 0.0648096153846154 0.104895104895105 0.104895104895105 0.103496078431373 0.122433391608392 2.5240228956229 0.160482167832168 2.64377727272727 2.67631587057011 2.71268166144201 2.75749292929293 2.78187592592593 2.79854074074074 2.82830162337662 2.98810542521994 2.88271720779221 2.92423779904306 2.96148548644338 2.95332165289256 3.18907965367965 3.20937898658718 3.2804578125 3.30633958944282
-9999 -9999 -9999 -9999 -9999 -9999 -9999 -9999 -9999 -9999 -9999 1.92781698956781 1.89859017595308 1.90311710323575 0.232087147335423 1.32393466872111 1.32456285266458 1.31894843260188 0.209125837320574 0.169427432216906 0.12155520661157 0.105039562289562 0.191766985645933 0.144573051948052 -9999 0.301262424242424 0.229404314329738 0.103668261562998 1.53492300275482 0.18025078369906 0.325633431085044 0.259361666666667 0.100764772727273 0.107438016528926 0.11086132231405 0.11086132231405 0.0962081339712919 0.0977555371900826 0.110030909090909 0.0771715034965035 0.165725123966942 1.52316692789969 1.50945830721003 2.38719757575758 2.41568954545455 2.48722630853994 2.5212979338843 -9999 -9999 -9999 -9999 -9999 -9999 -9999 -9999 -9999 -9999 -9999 -9999 -9999 -9999 -9999 -9999 -9999 -9999
-9999 -9999 -9999 -9999 -9999 -9999 -9999 1.74097287878788 1.75760681818182 -9999 -9999 -9999 -9999 -9999 -9999 -9999 -9999 -9999 -9999 -9999 -9999 -9999 -9999 0.496334125874126 0.454322943722944 0.384237342657343 0.466886853146853 0.561797662337662 0.441399321573948 0.568864545454545 0.272149573863636 0.46931871657754 0.309938041958042 1.60076545454545 0.273827272727273 2.18641277997365 2.17724506493506 1.39490391608392 1.42880591630592 0.295416060606061 2.30052237762238 2.47532516469038 -9999 -9999 -9999 -9999 -9999 -9999 -9999 -9999 -9999 -9999 -9999 -9999 -9999 -9999 -9999 -9999 -9999 -9999 -9999 -9999 -9999 -9999 -9999
1.66412650231125 1.28076949152542 1.30280861244019 -9999 -9999 -9999 -9999 -9999 2.46602272727273 2.50517348484848 2.53095833333333 -9999 -9999 -9999 1.87717796143251 1.84867776223776 1.3004020979021 0.306956451612903 1.29198238636364 1.29431321022727 -9999 -9999 -9999 -9999 -9999 -9999 -9999 2.13317457180501 2.03795289256198 1.39774811188811 0.225833766233766 0.2268642228739 0.277013636363636 0.287502465331279 0.249185394932936 2.3664071969697 2.77480011961722 2.84009303423849 -9999 -9999 -9999 -9999 -9999 -9999 -9999 -9999 -9999 -9999 -9999 -9999 -9999 -9999 -9999 -9999 -9999 -9999 -9999 -9999 -9999 -9999 -9999 -9999 -9999 -9999 -9999
-9999 -9999 -9999 -9999 -9999 -9999 -9999 -9999 -9999 -9999 -9999 -9999 -9999 -9999 -9999 -9999 -9999 -9999 -9999 -9999 -9999 -9999 -9999 -9999 3.56739104895105 3.5649370523416 -9999 -9999 -9999 -9999 -9999 -9999 -9999 -9999 -9999 -9999 -9999 -9999 -9999 -9999 -9999 -9999 -9999 -9999 -9999 -9999 -9999 -9999 -9999 -9999 -9999 -9999 -9999 -9999 -9999 -9999 -9999 -9999 -9999 -9999 -9999 -9999 -9999 -9999 -9999
1.03683884297521 1.04044867132867 1.44290468319559 1.05564005681818 1.50270142045455 -9999 -9999 -9999 -9999 -9999 -9999 -9999 -9999 -9999 -9999 -9999 -9999 -9999 -9999 -9999 2.60945495251018 3.69380525568182 2.06918445747801 2.75857412587413 2.83414293706294 2.85685986013986 -9999 -9999 2.21122972582973 3.12188863636364 2.93491448863636 3.0069866568915 2.26934632034632 1.49041906158358 2.13790804769001 2.15028282828283 2.14904460227273 -9999 3.39880753246753 2.95874898236092 3.03382077922078 3.52113585147247 3.52261393939394 3.07679692874693 3.07598693982074 -9999 -9999 -9999 -9999 -9999 -9999 -9999 -9999 -9999 -9999 -9999 -9999 -9999 -9999 -9999 -9999 -9999 -9999 -9999 -9999
-9999 1.37574940711462 1.38486166007905 -9999 -9999 -9999 -9999 -9999 1.5561 1.12191773472429 -9999 -9999 -9999 -9999 -9999 -9999 -9999 -9999 -9999 1.98660461760462 1.97888536931818 2.04762309985097 2.71619474431818 2.77198903318903 2.74416993006993 2.84069797979798 -9999 3.30245326504481 4.04707657342657 3.24124779614325 2.153459375 2.95262611832612 2.95996349206349 2.91064076704545 2.89502798295455 2.96404475524476 2.99130674486804 2.97044487734488 2.19660117302053 2.26009254843517 2.26021982116244 2.26238122205663 2.25222220566319 2.21561524926686 2.23997690014903 2.24866333830104 2.20240967741935 2.24375786435786 2.28348375558867 -9999 -9999 -9999 -9999 -9999 -9999 -9999 -9999 -9999 -9999 -9999 -9999 -9999 -9999 -9999 -9999
-9999 -9999 -9999 -9999 -9999 -9999 0.952500668449198 0.0411632167832168 1.04913281972265 0.00797448165869219 0.0112776714513557 0.0178314194577352 -9999 -9999 -9999 -9999 -9999 -9999 -9999 -9999 -9999 -9999 2.6365105834464 3.0449556978233 3.12869893048128 2.1278125 2.14296940836941 2.0779 2.80043991477273 2.16006204906205 2.16521370851371 2.12561988636364 2.15326349206349 2.10121278409091 2.10036732954545 2.85289019886364 2.15270707070707 2.13258903318903 2.15397489177489 2.94333566433566 3.03807544097693 2.26465865102639 3.08725703812317 2.20680375180375 2.20501991341991 2.20987287390029 2.24346217008798 2.29340387481371 2.27701385991058 1.43559374068554 2.27913517138599 2.24094853372434 2.26616289120715 2.29009657228018 2.29238077496274 0.0639677115987461 -9999 -9999 -9999 -9999 -9999 -9999 -9999 -9999 -9999
-9999 -9999 0.871237121212121 0.874217550505051 0.877956944444444 0.0935551767676768 -9999 -9999 -9999 -9999 0.966423106060606 1.29016363636364 1.05328232323232 1.06650655080214 1.40867675324675 1.1814369063772 1.20005356643357 -9999 -9999 -9999 -9999 -9999 -9999 -9999 -9999 -9999 -9999 -9999 2.68630488466757 2.09667784090909 2.13555007215007 2.10378849431818 2.83981944055944 2.65014298701299 -9999 -9999 -9999 -9999 -9999 -9999 -9999 -9999 -9999 -9999 -9999 2.93833350649351 3.22137863046045 3.9116855036855 7.11745669050051 4.03591104895105 3.15078284457478 3.141943001443 3.12671096681097 2.32283546944858 3.17443480113636 2.24305249266862 2.27231326378539 2.26974706744868 2.32042518628912 5.46399832167832 5.47656391608392 -9999 -9999 -9999 -9999
-9999 -9999 -9999 0.504886596736597 0.491237629459148 -9999 -9999 -9999 -9999 -9999 0.560046517119244 0.593429397874852 1.16578349282297 0.599770859277709 0.288547474747475 0.264472994652406 0.272799598930481 1.24691304347826 1.90997397260274 1.96273674242424 3.60128957575758 4.80416663101604 -9999 -9999 -9999 -9999 -9999 1.40698181818182 1.4306189033189 2.07738991477273 2.086671875 2.09628323863636 2.10142443181818 -9999 -9999 -9999 -9999 -9999 -9999 -9999 -9999 -9999 -9999 -9999 -9999 -9999 -9999 -9999 -9999 -9999 -9999 7.31810174081238 7.34783926499033 3.15994747474747 5.067669828722 4.30311392045455 2.22263174603175 3.18346491477273 2.32653830104322 2.33830596125186 2.3009998509687 3.26138167388167 2.36955727272727 -9999 -9999
1.31315750988142 1.34780859140859 1.39606402321083 1.33196373517787 1.33255824175824 1.40432247752248 1.29801756198347 1.41095614385614 1.37299390495868 0.629608391608392 0.260312242424242 0.381833648170012 0.412533884297521 0.334345208845209 0.323992929292929 0.279467720685112 0.244481955922865 0.220988920454545 1.24996205533597 0.218577982954545 0.233081398601399 1.2100303030303 1.25850040106952 3.49950213243547 2.8699971291866 1.97801805377721 1.27568412483039 1.28626024423338 2.69861951515152 2.68858458498024 2.06759772727273 2.14414472140762 2.10952308802309 2.85449048295455 -9999 -9999 -9999 -9999 -9999 -9999 -9999 -9999 -9999 -9999 -9999 -9999 -9999 -9999 -9999 -9999 -9999 -9999 7.49118209090909 7.60104398530762 7.65348172541744 -9999 6.35893456790124 3.16392405594406 3.18861178977273 2.25655050505051 2.31511028315946 2.28076612903226 2.32248032786885 2.3260784457478 1.45814242424242
1.15542349336057 1.1788102145046 0.72150480081716 1.71803556443556 1.69042251585624 1.42285009881423 2.04141740812379 0.710374545454545 1.62018484848485 0.758085526315789 0.902236481700118 0.798830835380835 0.836496798975672 0.303169526248399 0.883408353808354 1.834057002457 2.663554784689 0.939598484848485 1.85616931818182 1.87750747198007 2.75631805728518 1.97832440846824 2.02888775252525 2.84915085995086 3.81820227272727 -9999 -9999 -9999 -9999 -9999 -9999 -9999 -9999 -9999 -9999 -9999 -9999 -9999 -9999 -9999 -9999 -9999 -9999 -9999 -9999 -9999 -9999 -9999 -9999 -9999 6.23778875855327 6.39325558712121 6.25479051808407 6.48678230694037 6.61685330143541 7.0425701968135 6.58006561264822 6.34910388151175 6.42953728294178 5.41995909090909 6.88006494949495 -9999 -9999 -9999 -9999
1.07185681818182 1.09617687747036 1.11573256743257 1.17674822134387 1.76990801564027 1.39597171717172 1.82258742746615 1.78289674641148 1.78455984015984 1.76424597107438 1.77873754010695 1.70224318181818 1.65472846889952 1.68270119617225 1.60867462121212 1.60610933997509 1.65156590909091 3.34644186602871 1.78029570707071 1.80595454545455 2.71967658779577 2.75375601965602 3.89695434116445 3.79389287190083 -9999 -9999 4.55813896103896 5.13320411255411 5.28363806193806 2.48565739484396 -9999 -9999 -9999 -9999 -9999 -9999 -9999 -9999 -9999 -9999 -9999 -9999 -9999 5.64808142857143 5.71953454545455 5.80750432372506 5.85023736141907 5.86825505617978 5.84394858585859 6.12145714285714 6.28001600790514 5.80411270236613 6.15037615112161 5.67199009324009 -9999 5.68073839712919 3.07713867028494 2.22762294372294 2.25217893217893 2.25584357864358 2.18613090909091 2.24433863636364 6.86961818181818 -9999 -9999
1.39924215686275 1.12110496719775 1.63525157699443 1.13583336457357 1.65495222634508 1.91176168831169 1.96783024475524 1.986116 2.11422071227741 2.12568181818182 2.13156553030303 2.16460057416268 2.60615748106061 2.60001393939394 2.6818695959596 2.71309450317125 2.76259069264069 4.21939202226345 -9999 -9999 -9999 -9999 -9999 -9999 -9999 -9999 5.25098320158103 5.31688828282828 5.06124577167019 5.13274006734007 -9999 -9999 -9999 5.33574264870932 5.49357809917355 -9999 -9999 -9999 -9999 -9999 -9999 -9999 -9999 -9999 -9999 -9999 -9999 -9999 -9999 -9999 -9999 -9999 5.67671042424242 3.10620980113636 3.12878693181818 5.16231818181818 4.1813135026738 4.29535780189959 3.21643863636364 2.28330894187779 2.29073546944858 2.31306557377049 2.32049269746647 2.33537183308495 2.26306676136364
0.76830306122449 0.809943486410497 0.845654451733833 1.01567079889807 0.913480648064806 1.05776438612933 1.09025974025974 0.923059767891683 0.998733712121212 0.992369245647969 1.58868475073314 2.0239987144169 2.61131172727273 2.68341081818182 2.69791307977737 2.78565816326531 -9999 -9999 -9999 -9999 -9999 -9999 -9999 -9999 -9999 -9999 -9999 -9999 -9999 -9999 -9999 -9999 -9999 -9999 -9999 -9999 -9999 -9999 -9999 -9999 -9999 -9999 -9999 -9999 -9999 -9999 -9999 -9999 -9999 -9999 -9999 -9999 -9999 -9999 -9999 -9999 3.25879853372434 2.27414530551416 2.26049895678092 2.27538077496274 6.17003837072019 8.49064138257576 7.81113181818182 -9999 -9999
1.17983490566038 1.34068060064935 1.25147305487305 1.25823257575758 1.37681321548822 1.42417941680961 1.15989920564872 1.38776955403087 1.58378428949691 1.08966551077788 1.12443772727273 1.15311354723708 2.15154446444644 2.681133451015 -9999 -9999 -9999 -9999 -9999 -9999 -9999 -9999 -9999 -9999 -9999 -9999 -9999 -9999 -9999 -9999 -9999 6.21260572012257 6.12326615087041 -9999 -9999 -9999 -9999 -9999 -9999 -9999 -9999 -9999 -9999 -9999 -9999 -9999 -9999 -9999 -9999 -9999 -9999 -9999 -9999 -9999 -9999 -9999 -9999 -9999 -9999 4.45288439620081 3.45450432900433 3.38907257824143 2.85983821263482 -9999 -9999
0.979956880733945 1.00194646464646 1.03625698653199 1.34605900826446 1.20599148239148 1.13294495867769 1.28562016528926 1.32494882154882 1.40348476658477 1.41242785123967 1.47420258548791 -9999 -9999 -9999 -9999 -9999 -9999 -9999 -9999 -9999 -9999 -9999 -9999 -9999 -9999 -9999 -9999 -9999 -9999 -9999 -9999 -9999 -9999 -9999 -9999 -9999 -9999 -9999 -9999 -9999 -9999 -9999 7.26180363636364 6.4245044345898 6.56475342312009 6.64191318181818 6.25639779220779 5.34684987373737 6.21472058080808 5.86900512163892 3.11363459972863 3.02462397891963 -9999 -9999 -9999 -9999 -9999 -9999 -9999 -9999 -9999 -9999 -9999 -9999 -9999
0.774278787878788 0.799926936026936 0.813429190992494 0.860091666666667 0.907830555555556 0.951355785123967 1.14318407005838 1.67673346741754 2.17416953748006 2.18580893141946 -9999 -9999 -9999 -9999 -9999 -9999 -9999 -9999 -9999 -9999 -9999 -9999 -9999 -9999 -9999 -9999 -9999 -9999 -9999 -9999 -9999 -9999 -9999 -9999 -9999 -9999 -9999 -9999 -9999 -9999 -9999 -9999 7.20176956937799 7.95061306818182 7.20832403343783 7.44165542168675 7.45675144628099 7.82360276179517 7.88512669735328 7.96046133486766 8.06571130536131 7.97057261363636 8.10172382048331 8.48548266666667 8.12267875 8.44111291866029 8.19961774891775 -9999 -9999 -9999 -9999 -9999 -9999 -9999 -9999
0.215646027846028 0.241766420966421 0.379444462809917 0.413324297520661 1.00416212121212 0.873218098415346 0.983390909090909 0.984688230519481 0.944502457002457 0.97888930976431 -9999 -9999 -9999 -9999 -9999 -9999 -9999 -9999 -9999 -9999 -9999 -9999 -9999 -9999 -9999 -9999 -9999 -9999 -9999 -9999 -9999 -9999 -9999 -9999 -9999 -9999 -9999 -9999 -9999 -9999 -9999 -9999 -9999 6.67790085227273 6.79901278721279 6.89113376623377 6.92561067193676 7.13051564027371 7.20327605083089 7.26412505050505 7.39918008171604 7.42389717171717 7.75549479060266 7.47577 7.47385137895812 7.29377425944842 7.86213084780388 -9999 -9999 -9999 -9999 -9999 -9999 -9999 -9999
0.140640151515151 0.271114015151515 0.156095454545455 0.16635303030303 0.777615752351097 0.832471761866452 0.989242476489028 0.863017694805195 0.962779920948617 -9999 -9999 -9999 -9999 -9999 -9999 -9999 -9999 -9999 -9999 -9999 -9999 -9999 -9999 -9999 -9999 -9999 -9999 -9999 -9999 -9999 -9999 -9999 -9999 -9999 -9999 -9999 -9999 -9999 -9999 -9999 -9999 -9999 5.62463240324032 5.62725986460348 5.76382875494071 5.83571590909091 6.19367696280992 6.43710555555556 6.47282747252747 6.71094447702835 6.76774654150198 6.88012804642166 6.84623976023976 6.85265701581028 6.85753313782991 6.96942796442688 6.94787645933014 -9999 -9999 -9999 -9999 -9999 -9999 -9999 -9999
0.0646547602004295 0.182572077922078 0.0804647727272727 0.0956162121212121 0.120040830721003 0.13466656649136 0.69612210031348 0.932646600458365 0.965096562261268 1.29812533022533 1.24354679841897 1.26282789968652 -9999 -9999 -9999 -9999 -9999 -9999 -9999 -9999 -9999 -9999 -9999 -9999 -9999 -9999 -9999 -9999 -9999 -9999 -9999 -9999 -9999 -9999 -9999 -9999 -9999 -9999 -9999 -9999 -9999 -9999 -9999 5.59695482374768 6.00949593810445 6.13362361761949 6.12546207233627 6.14366401913876 6.53031736363636 6.69038669856459 6.38746638257576 6.27765170454545 6.34750880382775 6.56672333645736 6.96280028116214 6.71613570075758 6.72941209090909 5.97850935064935 6.89242263814617 6.40304571932921 5.25523845454545 -9999 -9999 -9999 4.72068509090909
0.423760079051383 0.369722694094227 0.397703256445047 0.353013146853147 0.361253770260747 0.279714488636364 0.250570851370851 0.258209943181818 0.662855454545455 0.859992535107169 1.05515050505051 0.940088129226146 1.59329320029564 -9999 -9999 -9999 -9999 -9999 -9999 -9999 -9999 -9999 -9999 -9999 -9999 -9999 -9999 -9999 -9999 -9999 -9999 -9999 -9999 -9999 -9999 -9999 -9999 -9999 -9999 -9999 -9999 -9999 -9999 -9999 3.92967487135506 4.2074670995671 3.86703220779221 3.6429754978355 3.6803486013986 3.80154563106796 3.75620837083708 3.70590494263019 3.51089053030303 3.51307047797563 3.5265 3.68909195075758 3.88368978444236 3.83572691622103 3.76751295253419 4.15798190394511 4.64918978278359 4.48753603305785 4.91216483253589 5.097931738437 4.37178001638002
0.361838620689655 0.360968340750159 0.412099802371542 0.352506587615283 0.398243882433356 0.327806105834464 0.457623796791444 0.49585630936228 0.462915151515152 0.308113886900501 0.277292340730136 0.475311909795631 0.644638618745596 0.32053823953824 -9999 0.656503535353535 1.23272226920366 1.40716222056632 -9999 -9999 -9999 -9999 -9999 -9999 -9999 -9999 -9999 -9999 -9999 -9999 -9999 -9999 -9999 -9999 -9999 -9999 -9999 -9999 -9999 -9999 -9999 -9999 -9999 -9999 3.00999728867624 3.39242795242141 3.39672104377104 3.36483140495868 3.35109545454545 3.26361818181818 3.16893743315508 3.17635437062937 3.17247385281385 3.1664883982684 3.18675333333333 3.15624987255735 2.31375309090909 2.61663663101604 3.30871878216124 2.95666449399657 2.82998034632035 2.45449379370629 3.72127794612795 4.06992192013594 4.10505984848485
0.191770331695332 0.208417205613179 0.209130729833547 0.269304451410658 0.308029671717172 0.244866666666667 0.328029658284977 0.34695641521599 0.392364017800381 0.356453585147247 0.416962727272727 0.56796525974026 0.453267786561265 0.558309090909091 0.521119222761971 0.572857093663912 0.486782697947214 0.330339195230999 0.64449053030303 0.753039418181818 1.34958918106687 1.58767933177933 1.52340924630925 -9999 -9999 -9999 -9999 -9999 -9999 -9999 -9999 -9999 -9999 -9999 -9999 -9999 -9999 -9999 -9999 -9999 -9999 -9999 -9999 -9999 2.78570932601881 3.34321779331779 3.35444326298701 3.1110361998362 3.31606474086661 3.47435980861244 2.95112510822511 2.40115701676964 1.99080142602496 2.1891077540107 2.20871604278075 2.39397792207792 1.08817254174397 1.27364325068871 1.55647838589981 2.67454316134316 1.96694187327824 2.62826452762923 2.5880947043248 2.68583653846154 2.70683573975045
0.149103970080552 0.180870284090909 0.176365247410817 0.166849527744982 0.220460471806674 0.237981701631702 0.211169551681196 0.213958522727273 0.22387987460815 0.240473793103448 0.269666269592477 0.266949167733675 0.383212932138284 0.24727898989899 0.577026136363636 0.606490909090909 0.590788669301713 0.565688019732206 0.534082756132756 0.558005326704546 0.541571127272727 0.559346260997067 0.594957400450789 0.688148275862069 0.904317549407115 1.70864380877743 -9999 -9999 -9999 -9999 -9999 -9999 -9999 -9999 -9999 -9999 -9999 -9999 -9999 -9999 -9999 -9999 -9999 2.43207570394208 2.31652970779221 2.58636340125392 2.84137086247086 2.85717295454545 2.6999423223835 2.60261359683794 2.4235180999181 2.42343252710592 1.02321672727273 1.19414706439394 1.63397666083916 1.32236417112299 0.698662244897959 1.57065769576958 2.39783908241291 2.75679457881568 2.28226878216124 2.78650171526587 1.83622602495544 2.49805874785592 2.50692718531469
0.10114577540107 0.104839152258784 0.135064958677686 0.182593957219251 0.198031114718615 0.195364870931538 0.177895738636364 0.221558215697346 0.265052682100508 0.268396605293441 0.25011366607249 0.252898073449729 0.257549508599509 0.222863573232323 0.235950603941513 0.236603288201161 0.246669608493696 0.262913907734057 0.4114065807327 0.44709455922865 0.399774173553719 0.646747946127946 0.311696900826446 0.330309824046921 0.52275217723453 0.763039501206758 0.779789621882542 0.792221052631579 -9999 -9999 -9999 -9999 -9999 -9999 -9999 -9999 -9999 -9999 -9999 -9999 -9999 -9999 -9999 1.87391051383399 1.83530205533597 2.14780861244019 1.47118703703704 1.52315561983471 0.89955531011045 1.59699967239967 0.921097263901147 0.924914248251748 0.921474242424242 0.885684615384615 0.943213807890223 0.947944682675815 0.699818449197861 0.696508208296558 0.904580759046778 0.666887555163283 0.651432085561497 0.667823885918004 0.684335926573427 1.3198891248938 1.34377402597403
0.0654940961337513 0.0718472107438017 0.118431919191919 0.176702834799609 0.151778822911193 0.153586815523658 0.17231194190425 0.197308225108225 0.242892469069392 0.260263959117805 0.250148083242059 0.261653443526171 0.284038913525499 0.264535742518351 0.361497769102064 0.281991853600945 0.325233352634626 0.29314226044226 0.275129529780564 0.248207027724049 0.270569116698904 0.199510854816825 0.234637643097643 0.325562895622896 0.328312279511533 0.333236158578264 0.338362337662338 0.471855194805195 0.504039716840537 0.499657045454545 0.760756541019956 0.863706871868289 0.864253643303262 -9999 -9999 -9999 -9999 -9999 -9999 1.23715485103132 0.961650649350649 0.959337878787879 1.03747438735178 1.06655509881423 1.40979906759907 1.09861647727273 1.03897025518341 0.969232923832924 0.675772644628099 0.834954208754209 0.840677315208156 0.857857070707071 0.686818429752066 0.681213888888889 0.872661731601732 0.271931683168317 0.658798128342246 0.660423688811189 0.614474617461746 0.633823830538394 0.601382363636364 0.600759625668449 0.633617652250662 0.587556181818182 1.01725668953688
0.0586141414141414 -9999 -9999 0.0921202077922078 0.0929569767441861 0.121278034682081 0.131381605528974 0.173128752642706 0.188482243487507 0.178053738569123 0.198674556213018 0.207286524064171 0.197239485213582 0.20549534368071 0.207362738496072 0.222649855240301 0.27605298382599 0.280511784511784 0.218320155502392 0.260030578512397 0.284106983744732 0.304743272727273 0.274191093366093 0.274332378580324 0.266177777777778 0.220295744680851 0.241352624839949 0.252097526737968 0.23612 0.268414304812834 0.370282872200264 0.431057133377571 0.448746772068511 0.535981233766234 -9999 -9999 -9999 -9999 -9999 -9999 0.850180959198282 1.03312959830867 0.239580553359684 0.616167334360555 0.40443628724217 0.868850637958533 0.608865550239234 0.559713759213759 0.272989338842975 0.272578925619835 0.240683432455395 0.24682093411176 0.239664562289562 0.239613254035684 0.243038062871708 0.202058614718615 0.181259440559441 0.176933041958042 0.163551818181818 0.182775286849073 0.156416934046346 0.150486007130125 0.131533663366337 0.113636363636364 0.171803259005146
0.0909315536315536 0.0594710437710438 -9999 -9999 -9999 0.0993028409090909 0.116022518286311 0.132197021943574 0.137190961639517 0.146106253284288 0.162839916405434 0.151455187165775 0.190214852008457 0.179821785906401 0.192006115702479 0.180424691358025 0.219230523415978 0.212209315375982 0.193817540792541 0.212810780885781 0.219726590909091 0.249980113636364 0.265284076433121 0.287562130862768 0.258171671554252 0.244481638755981 0.239688848484849 0.258083272727273 0.281306589383771 0.309037454545455 0.302589127764128 0.369096253071253 0.505450872968092 0.632721351674641 -9999 -9999 -9999 -9999 -9999 -9999 0.64974538961039 0.3821998632946 0.426101982228298 0.428463081193616 0.541546041055718 0.352222691481747 0.25625061633282 0.199208133971292 0.227951936758893 0.241940711462451 0.234516507177033 0.19456723996724 0.15415765993266 0.175389814814815 0.155692863211555 0.179595746455379 0.127994082332762 0.119956222418358 0.136212829226848 0.139093686868687 0.150154208754209 0.187543553719008 0.125957094307562 0.123194647408666 0.144841161616162
