birds/birdsgfdl-cm2.0_run1bwd.asc
NCOLS 255 
NROWS 267 
XLLCORNER -16100344 
YLLCORNER -6047616 
CELLSIZE 50000 
NODATA_value -9999 
[rows 0 to 28 of 267, columns 130 to 194 of 255]
-9999 -9999 -9999 -9999 -9999 -9999 -9999 -9999 -9999 -9999 -9999 -9999 -9999 -9999 -9999 -9999 -9999 -9999 -9999 -9999 -9999 -9999 1.26657578947368 -9999 -9999 1.24601033057851 0.0129102673796791 0.0208986415882968 0.0264270613107822 0.0211416490486258 0.0459652706843718 0.0208986415882968 0.0208986415882968 0.0361570247933884 0.185802247191011 0.115106508264463 0 0.120278615702479 0.121043285123967 0.118333960292581 0.055678474399164 0.0574712643678161 1.43589152196118 0.0574712643678161 0.0574712643678161 0.026950422832981 1.47145816115702 1.48859504132231 0.992637385086823 1.57370960743802 1.61270373737374 1.65376283716284 1.62159039836568 1.69790629370629 1.70534925074925 1.72527253176931 1.75346920821114 1.81918934506354 1.83921397849462 1.84004772727273 1.78497462537463 1.83723762088975 1.85378994197292 1.84983186705767 1.89625899419729
-9999 -9999 -9999 -9999 -9999 -9999 -9999 -9999 -9999 -9999 -9999 1.13133235581623 1.12779456521739 1.17288433268859 1.14537888888889 1.15096187683284 1.18647707930368 1.22319488636364 1.17610860215054 1.18504815184815 0.034207822410148 0.027391013584117 0.0243422832980973 0.806592961876833 -9999 0.853095980861244 0.830143036750484 0.0733137829912024 1.39670079435128 0.920899265381084 1.36904909090909 1.35924150596878 0.042973544433095 0.0839920948616601 0.0769941058941059 0.0480807967313585 0.088291788856305 0.0450889683350358 0.0400491317671093 0.0404360537190083 0.887643309499489 1.43527644183773 1.40902390194076 1.47265799043062 1.4860809569378 1.59127736549165 1.68177970615243 -9999 -9999 -9999 -9999 -9999 -9999 -9999 -9999 -9999 -9999 -9999 -9999 -9999 -9999 -9999 -9999 -9999 -9999
-9999 -9999 -9999 -9999 -9999 -9999 -9999 1.14401666666667 1.11748378631678 -9999 -9999 -9999 -9999 -9999 -9999 -9999 -9999 -9999 -9999 -9999 -9999 -9999 -9999 1.35908787878788 1.38342461406518 1.29620053475936 1.34324757858963 1.4022792693288 1.45609941618015 1.4236681393373 1.3060277972028 1.36399187062937 1.32295240641711 1.35963968531469 1.31393798379838 1.38180043706294 1.41653115622242 1.33859181818182 1.36374221422142 1.36326471163245 1.40631302717901 1.55296258741259 -9999 -9999 -9999 -9999 -9999 -9999 -9999 -9999 -9999 -9999 -9999 -9999 -9999 -9999 -9999 -9999 -9999 -9999 -9999 -9999 -9999 -9999 -9999
1.46720202020202 1.99452520252025 1.9829064171123 -9999 -9999 -9999 -9999 -9999 2.01430008912656 2.1305801980198 2.17493572727273 -9999 -9999 -9999 1.22599054905491 1.21377832874197 1.24827918181818 1.21807920792079 1.25847113857017 1.23693672367237 -9999 -9999 -9999 -9999 -9999 -9999 -9999 2.08962090909091 2.1098152892562 1.36046800699301 1.37618937893789 1.33353213957759 0.156578121878122 0.151437662337662 0.871030791788856 1.4239362745098 1.46685301614274 1.53894571183533 -9999 -9999 -9999 -9999 -9999 -9999 -9999 -9999 -9999 -9999 -9999 -9999 -9999 -9999 -9999 -9999 -9999 -9999 -9999 -9999 -9999 -9999 -9999 -9999 -9999 -9999 -9999
-9999 -9999 -9999 -9999 -9999 -9999 -9999 -9999 -9999 -9999 -9999 -9999 -9999 -9999 -9999 -9999 -9999 -9999 -9999 -9999 -9999 -9999 -9999 -9999 2.85501068580542 3.0379578369906 -9999 -9999 -9999 -9999 -9999 -9999 -9999 -9999 -9999 -9999 -9999 -9999 -9999 -9999 -9999 -9999 -9999 -9999 -9999 -9999 -9999 -9999 -9999 -9999 -9999 -9999 -9999 -9999 -9999 -9999 -9999 -9999 -9999 -9999 -9999 -9999 -9999 -9999 -9999
0.965856345634563 0.984198622589532 0.993429783549784 1.04822736273627 0.984861101398601 -9999 -9999 -9999 -9999 -9999 -9999 -9999 -9999 -9999 -9999 -9999 -9999 -9999 -9999 -9999 3.6258158692185 2.32316075174825 3.0885758677686 2.88051622257053 3.33742665112665 2.58127062289562 -9999 -9999 1.41222838589981 2.65588429752066 2.62216680567139 1.85937434743474 0.94383172541744 0.885826704545455 1.34445763823805 1.38232467532468 1.34699663636364 -9999 3.99401181041181 2.63736464646465 4.05257312252964 2.6576728956229 2.19732338842975 2.13637442650807 2.70993236030025 -9999 -9999 -9999 -9999 -9999 -9999 -9999 -9999 -9999 -9999 -9999 -9999 -9999 -9999 -9999 -9999 -9999 -9999 -9999 -9999
-9999 1.44222972027972 0.954363896103896 -9999 -9999 -9999 -9999 -9999 1.58017527612574 2.14244774851317 -9999 -9999 -9999 -9999 -9999 -9999 -9999 -9999 -9999 3.53260940988836 2.61829983319433 2.44716388888889 2.58239124270225 2.79331467304625 3.24616712662338 3.88994671936759 -9999 4.40736484375 4.48890281385281 2.89990015151515 1.91471089193825 2.77981095779221 2.52253432455395 1.90395629370629 2.49353434343434 1.94754294372294 1.90097727272727 1.98075324675325 0.924066073102156 0.936444619666048 0.941555857544517 0.133394545454545 0.922591096532334 0.932080303030303 0.901033580705009 0.901859183673469 1.42582875695733 2.11540909090909 0.105852153110048 -9999 -9999 -9999 -9999 -9999 -9999 -9999 -9999 -9999 -9999 -9999 -9999 -9999 -9999 -9999 -9999
-9999 -9999 -9999 -9999 -9999 -9999 1.47016727272727 0.957134259259259 2.00561690590112 1.0466334251607 1.07293265306122 1.08125068870523 -9999 -9999 -9999 -9999 -9999 -9999 -9999 -9999 -9999 -9999 4.19682943722944 4.2405640625 3.92988797423049 2.13083676588898 1.92923106060606 1.49559632867133 2.63809928229665 1.9244579033579 1.94872074380165 1.89259202401372 1.96955168350168 1.93056339285714 1.91729801652893 1.94893482142857 1.93227451146984 2.00650446428571 2.0316211038961 2.0576213474026 2.07467502047502 2.02801478334749 2.08163469557965 1.39973829201102 1.93463590909091 1.96249201101928 1.41821927272727 2.09001355218855 0.121314714151828 0.0892111004784689 1.41221981818182 1.42811428571429 1.43448481724461 1.43858719851577 1.44544294990724 0.0486233492822966 -9999 -9999 -9999 -9999 -9999 -9999 -9999 -9999 -9999
-9999 -9999 1.58190571847507 1.51914274981217 1.51852924242424 1.52330779220779 -9999 -9999 -9999 -9999 1.74466289726534 1.78709376832845 1.78297205663189 2.02259557109557 2.64996764252696 2.59037018489985 1.55827174447174 -9999 -9999 -9999 -9999 -9999 -9999 -9999 -9999 -9999 -9999 -9999 3.84673882265276 1.84993147512864 1.82710075757576 1.96697431192661 1.90831801801802 1.89051428571429 -9999 -9999 -9999 -9999 -9999 -9999 -9999 -9999 -9999 -9999 -9999 2.71686314935065 3.60111549407115 3.59025377503852 4.6302396627566 4.11818098484849 2.06222168473728 2.62860331350892 2.58885660377358 2.6109435828877 1.99802169216922 1.40933131313131 1.41388631772268 1.44252189239332 1.46753738404453 3.59540883602379 2.99694446444644 -9999 -9999 -9999 -9999
-9999 -9999 -9999 2.19491599453178 2.22567177033493 -9999 -9999 -9999 -9999 -9999 2.61926038961039 3.11422734545455 2.48532793255132 2.0652184169279 2.1304813559322 2.55345229215229 2.63764722650231 2.68257280431433 3.35810589090909 3.42476219336219 3.4014772005772 3.97604132867133 -9999 -9999 -9999 -9999 -9999 2.40895317779566 1.77137480519481 2.40924610974611 1.87146762956669 1.88532013593883 1.78678349514563 -9999 -9999 -9999 -9999 -9999 -9999 -9999 -9999 -9999 -9999 -9999 -9999 -9999 -9999 -9999 -9999 -9999 -9999 5.62050192837466 5.57074552341598 3.29305879899917 4.3834314516129 3.39886672077922 1.99031940559441 2.79020694682676 1.45665490909091 1.48668806244261 1.47629820075758 1.47977318181818 1.50764777562863 -9999 -9999
3.21239071001991 2.97454033670034 2.99138725945587 2.82984244702666 2.99111144781145 3.00996606060606 2.92751599453178 2.9561015721121 3.11592787878788 2.05251592727273 2.04323713405239 2.08400192604006 2.00422191142191 2.42163414820474 2.89184553030303 2.05490134387352 2.15702479338843 2.21536557239057 2.18744138755981 2.27274437030859 1.85559332777314 2.46273376623377 3.37550555972953 3.21431099706745 3.2276748706578 3.10677166666667 3.01924273504274 2.81163264822134 4.22168828125 3.65713721109399 1.96561473063973 1.88312333916084 1.87541844155844 1.96492762237762 -9999 -9999 -9999 -9999 -9999 -9999 -9999 -9999 -9999 -9999 -9999 -9999 -9999 -9999 -9999 -9999 -9999 -9999 4.14185805297065 5.05575966329966 5.10186738376128 -9999 4.55412841864018 2.08557950089127 2.08654895104895 2.08654824482448 1.47239577594123 1.45780927835052 1.46990093720712 0.0151642924086223 0.0306446022727273
2.83662411347518 2.7870722186904 2.7636987012987 2.61430090264346 2.6820596549436 3.03897993730408 2.99858207247298 2.76783115942029 2.31927378435518 2.6150996243426 2.62756751117735 2.57631660079051 2.61504416733709 2.54105518905873 2.81830499254843 2.63536536050157 2.91384456035768 2.19539347107438 2.78622735042735 1.90693462809917 2.41082456140351 2.85676893280632 2.97235590111643 3.04878204545455 2.76642651515152 -9999 -9999 -9999 -9999 -9999 -9999 -9999 -9999 -9999 -9999 -9999 -9999 -9999 -9999 -9999 -9999 -9999 -9999 -9999 -9999 -9999 -9999 -9999 -9999 -9999 4.47304190340909 4.2751495195861 4.46120975073314 4.47465586510264 4.50827358625626 4.6340968503937 4.62633078024338 4.49655499624343 4.55107114951165 3.51532946127946 4.70281634897361 -9999 -9999 -9999 -9999
2.44677285807717 2.76326785714286 2.94649026434558 2.89063363636364 2.90149020486556 2.99866389986825 2.6883603185136 2.72523676177837 2.71765766621438 3.09426383399209 3.14124552238806 3.15864531575295 2.28532557280118 2.80260778181818 1.71628916996047 1.71295738636364 2.32279549274255 2.9155915052161 1.2498602915952 2.28944258804259 2.5654855799373 2.1235224137931 3.6005511198946 3.30135235567352 -9999 -9999 3.79526086956522 3.87708769651401 3.91232853351029 2.88382 -9999 -9999 -9999 -9999 -9999 -9999 -9999 -9999 -9999 -9999 -9999 -9999 -9999 2.01832097902098 3.57268329448329 3.62739222999223 3.61367103235747 4.14141674242424 4.18229361382419 4.16270871525169 4.1780350864012 3.60625551948052 3.61616003276003 3.6625894214876 -9999 2.67699671717172 2.06136470588235 1.46187755681818 0.912215406698565 1.48039734848485 0.886250328022493 1.4808007497657 5.64367496392496 -9999 -9999
2.50411120234604 2.14517884972171 2.22642059369202 2.19496306017926 2.24537359900374 2.2150768707483 2.25299686732187 2.25674564526383 2.23911905956113 2.2487360342556 2.26208028074866 2.33113113975577 2.35778825174825 1.95476122159091 2.83035174299385 2.45115943526171 2.39647236652237 3.45219063973064 -9999 -9999 -9999 -9999 -9999 -9999 -9999 -9999 3.71563703703704 3.79137498291183 3.82645426786954 3.55581128787879 -9999 -9999 -9999 3.60244337442219 4.40282407670455 -9999 -9999 -9999 -9999 -9999 -9999 -9999 -9999 -9999 -9999 -9999 -9999 -9999 -9999 -9999 -9999 -9999 3.03839235344095 2.05723539276258 2.03852082965578 2.75143715034965 2.76453015734266 2.0726333041958 1.00236762523191 0.0191387559808612 0.0239234449760766 0.00478468899521531 0.890003636363636 0.894788038277512 0.904357129186603
1.7853462372065 1.73745781818182 1.67413349603417 1.70293166564979 1.4955214987715 1.90658885429639 1.73287152777778 1.73113642857143 1.73619829954218 1.73805294117647 1.70196886024423 1.76072072192513 2.59630610484406 2.26386172248804 2.71567919191919 2.73577758985201 -9999 -9999 -9999 -9999 -9999 -9999 -9999 -9999 -9999 -9999 -9999 -9999 -9999 -9999 -9999 -9999 -9999 -9999 -9999 -9999 -9999 -9999 -9999 -9999 -9999 -9999 -9999 -9999 -9999 -9999 -9999 -9999 -9999 -9999 -9999 -9999 -9999 -9999 -9999 -9999 1.49386988062443 0.889039071566731 0 0 3.59890023310023 5.9801026458616 4.45737911344854 -9999 -9999
1.37127449494949 1.18844737167594 1.42820902906617 1.41057187309335 1.44238596165739 1.44130106583072 1.41042808777429 1.37923778207608 1.28766155844156 1.27197797695262 1.36755873629916 1.40294868686869 0.712598140495868 1.58493555555556 -9999 -9999 -9999 -9999 -9999 -9999 -9999 -9999 -9999 -9999 -9999 -9999 -9999 -9999 -9999 -9999 -9999 4.22362397891963 4.37846429993364 -9999 -9999 -9999 -9999 -9999 -9999 -9999 -9999 -9999 -9999 -9999 -9999 -9999 -9999 -9999 -9999 -9999 -9999 -9999 -9999 -9999 -9999 -9999 -9999 -9999 -9999 3.04056773136773 1.61426147186147 1.70086582167832 1.10099531953195 -9999 -9999
1.24682086247086 1.27574783125371 1.31231238038277 1.32810784313725 1.0907148871263 1.15626283783784 1.20417432432432 0.711934911616162 0.774299078624079 0.751846948941469 0.742611830635118 -9999 -9999 -9999 -9999 -9999 -9999 -9999 -9999 -9999 -9999 -9999 -9999 -9999 -9999 -9999 -9999 -9999 -9999 -9999 -9999 -9999 -9999 -9999 -9999 -9999 -9999 -9999 -9999 -9999 -9999 -9999 5.094614781966 5.34573975346687 5.6285856498873 5.20394048892284 4.4513468069121 4.26870106951872 5.08041378787879 4.28593605546995 4.12529892141757 3.8647114996115 -9999 -9999 -9999 -9999 -9999 -9999 -9999 -9999 -9999 -9999 -9999 -9999 -9999
0.50330920671685 0.519854840613932 0.793248892773893 0.830644868035191 0.884699405822935 0.941151158645276 0.922911137868754 0.963418478906714 0.84660612244898 0.823220734744707 -9999 -9999 -9999 -9999 -9999 -9999 -9999 -9999 -9999 -9999 -9999 -9999 -9999 -9999 -9999 -9999 -9999 -9999 -9999 -9999 -9999 -9999 -9999 -9999 -9999 -9999 -9999 -9999 -9999 -9999 -9999 -9999 5.05009248389406 5.09394673295455 5.67531634954193 6.15482247673586 5.88497696044414 6.2551341958042 6.16311825121443 6.27425187969925 5.55881271360219 6.1820486431479 5.35013504510756 5.06935639204545 5.56955559440559 5.63003759018759 5.73373015873016 -9999 -9999 -9999 -9999 -9999 -9999 -9999 -9999
0.448781975827641 0.388415800865801 0.649192307692308 0.436198795180723 0.727095779220779 0.879066538882804 0.897641052029731 0.887302639296188 0.893135182998819 0.921292929292929 -9999 -9999 -9999 -9999 -9999 -9999 -9999 -9999 -9999 -9999 -9999 -9999 -9999 -9999 -9999 -9999 -9999 -9999 -9999 -9999 -9999 -9999 -9999 -9999 -9999 -9999 -9999 -9999 -9999 -9999 -9999 -9999 -9999 4.30331247357294 4.70811234735414 5.0613170963365 5.02016859504132 5.1046135026738 5.09922269409423 5.17442662337662 5.77154525252525 6.03536788321168 5.83183292207792 5.28352781144781 5.84332902356902 5.3216368385346 5.41011886024423 -9999 -9999 -9999 -9999 -9999 -9999 -9999 -9999
0.393368106479156 0.420305752439651 0.448098672114402 0.488279786693753 0.459887035123967 0.486035890698896 0.681345294117647 0.669705110274341 0.854688972565896 -9999 -9999 -9999 -9999 -9999 -9999 -9999 -9999 -9999 -9999 -9999 -9999 -9999 -9999 -9999 -9999 -9999 -9999 -9999 -9999 -9999 -9999 -9999 -9999 -9999 -9999 -9999 -9999 -9999 -9999 -9999 -9999 -9999 4.23562873258129 4.55516618705036 4.20909814340589 4.66292458386684 4.68835981191223 5.03718327020202 4.86735886840432 5.25303099747475 5.32014848484849 5.35498061029879 5.64509825918762 5.19531226954863 5.47565776515151 5.76316164383562 5.57558626959248 -9999 -9999 -9999 -9999 -9999 -9999 -9999 -9999
0.330920669856459 0.433517033492823 0.430227272727273 0.526043832923833 0.428794565769426 0.594344183773216 0.477501583248212 0.548749328512397 0.519555596426695 0.784187108371854 0.741638160676533 0.86549898989899 -9999 -9999 -9999 -9999 -9999 -9999 -9999 -9999 -9999 -9999 -9999 -9999 -9999 -9999 -9999 -9999 -9999 -9999 -9999 -9999 -9999 -9999 -9999 -9999 -9999 -9999 -9999 -9999 -9999 -9999 -9999 3.15089171855542 3.33968957575758 3.67656654545455 4.25025661680092 4.31181979665072 4.5432484029484 5.02893147295742 4.98707188440698 4.9994516969697 5.00855176252319 4.61525503685504 4.88735539393939 4.65052937538652 4.41706568501921 3.62744084321476 4.41118 4.43773026315789 4.17589346201743 -9999 -9999 -9999 4.00841893939394
0.368491233766234 0.339014488636364 0.338031004784689 0.377199503229011 0.373127272727273 0.345472039312039 0.514618681318681 0.53990129160457 0.540759444444444 0.590979781420765 0.6178417773238 0.592331896103896 0.627215428571429 -9999 -9999 -9999 -9999 -9999 -9999 -9999 -9999 -9999 -9999 -9999 -9999 -9999 -9999 -9999 -9999 -9999 -9999 -9999 -9999 -9999 -9999 -9999 -9999 -9999 -9999 -9999 -9999 -9999 -9999 -9999 3.46386084373143 3.47241131964809 3.56413265550239 3.61239049043062 3.63464753416518 3.73035135460566 3.79239745454545 3.79302836363636 3.72225875533862 3.74798017083588 3.88924202287778 3.93302823600241 3.87523599257885 3.79914634002361 3.44234368358914 3.9292166283084 3.64044865967366 3.77971601173021 3.47452762691854 3.7702707201889 3.87004383971292
0.37805802522836 0.374995498676081 0.364558863636364 0.346316797415782 0.318009232218559 0.319401595744681 0.364784944684945 0.396476507177033 0.392045406445406 0.414068546426835 0.449031048186786 0.505891784151677 0.625822126022126 0.544480933660934 -9999 0.57629624174708 0.585007609805924 0.708797004132231 -9999 -9999 -9999 -9999 -9999 -9999 -9999 -9999 -9999 -9999 -9999 -9999 -9999 -9999 -9999 -9999 -9999 -9999 -9999 -9999 -9999 -9999 -9999 -9999 -9999 -9999 2.69950359147026 2.82439887069452 2.86459676136364 2.88323078250863 2.91734024319629 3.06537505827506 3.12581184750733 2.83498086749851 2.72239981818182 2.71520427089689 2.71999201474201 2.71709000602047 2.76699447174447 2.74111320049813 3.16520583985551 2.90060298962782 2.93752209512342 2.97096812039312 3.22874563279857 3.32723028335301 3.32357610565111
0.338616363636364 0.335991451209341 0.324621499353727 0.282126297117517 0.330112886142983 0.418975458813487 0.401002162400706 0.432772328159645 0.472791308203991 0.524842497793469 0.559730748663102 0.57595614973262 0.597268882858435 0.602989272727273 0.613657482517482 0.682470789109368 0.573245257985258 0.501686785891704 0.62494113022113 0.669270221130221 0.661610151515152 0.730040632847815 0.845824309392265 -9999 -9999 -9999 -9999 -9999 -9999 -9999 -9999 -9999 -9999 -9999 -9999 -9999 -9999 -9999 -9999 -9999 -9999 -9999 -9999 -9999 2.33310333145116 2.91579734613213 2.5870717791411 2.79722252964427 2.77945601355167 2.70313133218982 2.59201278592375 2.52772935726694 2.51834784688995 2.35701302052786 2.21589542444311 2.25281022727273 1.44685883482714 1.4910976010101 1.96430934343434 2.21237497048406 2.00472457680251 2.46819391891892 2.8223703030303 2.44991836609337 2.9338731487056
0.309727978056426 0.298358688656476 0.324214473684211 0.356245613338626 0.401101689460981 0.440241190667739 0.443975417855687 0.485036732186732 0.545970626262626 0.554435705471 0.566857142857143 0.565764105847204 0.52877812911726 0.573541968225949 0.639258403547672 0.684685277161863 0.683138339920949 0.665122451790634 0.527525580270793 0.550429618768328 0.590700982800983 0.780751837524178 0.793795138551288 0.771476900149031 0.844944311972181 0.984733098945254 -9999 -9999 -9999 -9999 -9999 -9999 -9999 -9999 -9999 -9999 -9999 -9999 -9999 -9999 -9999 -9999 -9999 2.23671214039125 2.5177010728402 1.96702546620047 2.06879175607002 2.37854016110472 2.42791936758893 2.25108882455124 2.37420680351906 2.5065064516129 1.66758231292517 1.22284 1.83673418181818 1.39146062653563 1.05364281108962 1.10988970120788 1.15125122257053 1.71119674447174 1.30327166874222 1.61590193026152 1.11524839948784 1.49179375 1.93493862068966
0.28554305785124 0.247490949857318 0.337539380530973 0.381963515151515 0.399253419147225 0.415623491552695 0.434421212121212 0.476173644338118 0.529366039247097 0.540643757575758 0.587730545454546 0.599177622377622 0.660885024350649 0.653161551292744 0.68604030163385 0.593784080034798 0.590369523809524 0.61957923951049 0.636093392461197 0.75945248133509 0.77244614390349 0.865819567099567 0.914201147396293 0.702345874125874 0.820262831439394 0.790692137592138 0.802379960899316 0.863148322800194 -9999 -9999 -9999 -9999 -9999 -9999 -9999 -9999 -9999 -9999 -9999 -9999 -9999 -9999 -9999 1.68797998856489 1.79351511433352 1.80719586247086 1.68046375757576 1.67838997067449 1.34050788681517 1.41114383971292 0.93226765615337 1.17835743243243 0.80152403486924 0.801670547945205 0.744092561983471 0.741135531370038 0.790174493132766 0.239968082282681 0.518676943346509 0.240127799736495 0.493070026350461 0.186647777040478 0.519321598968407 0.790682079790713 0.959113699494949
0.271581089193825 0.298246237494563 0.347249125874126 0.406938746690203 0.469721766965429 0.45175647010647 0.471272606060606 0.508150575625248 0.574879402129402 0.546606964136781 0.55467847107438 0.574129123817359 0.639327924989808 0.636625518341308 0.713699431818182 0.665854830819405 0.777326749798874 0.777387595959596 0.794266408479413 0.636968734069669 0.679739622641509 0.674363987703118 0.723772031317964 0.792423923444976 0.846419047619048 0.884821624007061 0.911927982261641 0.781671557155716 0.961960402999063 0.929213349282297 1.23309404873477 1.31945638247763 1.61100802953392 -9999 -9999 -9999 -9999 -9999 -9999 2.02856950970378 1.79461686746988 1.51007328499721 1.10311560891938 1.26578602272727 1.28013758314856 1.11195684695052 1.19173503325942 1.00523514765489 0.665607416267943 0.334140606060606 0.331043685173887 0.343299151515152 0.341082484848485 0.315706081081081 0.471738307210031 0.218394571615435 0.230540050858233 0.250961994949495 0.244635227272727 0.23147119078105 0.195977691811734 0.2164916827853 0.213173943661972 0.172865714285714 0.564410189139719
0.242983186231244 -9999 -9999 0.331586341887777 0.354800483091787 0.344208543771044 0.359480066722269 0.439467389491243 0.520962668350168 0.518139598689599 0.596702597402597 0.560767704441677 0.541363596837945 0.593395296442688 0.57674886859865 0.617869511710996 0.677825009924573 0.717659031361651 0.687072767857143 0.72795002020202 0.745257224025974 0.804229927594529 0.730565479681609 0.784677487135506 0.724474728142671 0.727879964695499 0.679027009222661 0.688424315975287 0.788147804878049 0.843507237422771 1.07413415710503 1.05418100810081 1.28964101783384 1.44804088734232 -9999 -9999 -9999 -9999 -9999 -9999 2.08287853795689 1.83325079662605 0.956823934257833 0.987882649350649 1.20753208845209 0.704458881922675 0.735597864184009 0.585882215909091 0.518241182913472 0.405315344528083 0.338823410576352 0.348568062200957 0.311094882600843 0.286872129186603 0.289197667464115 0.257916545454545 0.243036180597926 0.257330201342282 0.275064002440512 0.286808 0.229347962382445 0.280234242424242 0.251395856524428 0.230212702366127 0.280714303030303
0.211984758028042 0.225095900178253 -9999 -9999 -9999 0.27302559576346 0.317356981296216 0.363764322469983 0.381029245283019 0.387221385281385 0.481696476729013 0.516222018348624 0.559139898989899 0.592638245895074 0.594589960474308 0.587441818181818 0.649697786561265 0.604782626262626 0.55181976461039 0.594957386363636 0.670478720836685 0.729882343434343 0.786154226475279 0.812410732879455 0.809997454545455 0.815457260386672 0.722865123194562 0.832878462192014 0.901107247591119 0.908600126849894 1.03339279588336 1.18095720930233 1.16187371900826 1.25008604651163 -9999 -9999 -9999 -9999 -9999 -9999 1.7296551882461 1.43421340679523 1.02993990675991 0.992489409559513 0.790306220095694 0.83708028708134 0.646045259042033 0.519792696629213 0.572149020592667 0.469557716701903 0.475883200425306 0.426666739248775 0.365462111801242 0.349423068181818 0.224726727272727 0.289864219114219 0.234422516556291 0.233622215532812 0.269672786304605 0.288637354312354 0.351863524130191 0.354910094813162 0.368359090909091 0.386638311688312 0.357047768595041
