birds/birdsgfdl-cm2.1_run1bwd.asc
NCOLS 255 
NROWS 267 
XLLCORNER -16100344 
YLLCORNER -6047616 
CELLSIZE 50000 
NODATA_value -9999 
[rows 0 to 28 of 267, columns 130 to 194 of 255]
-9999 -9999 -9999 -9999 -9999 -9999 -9999 -9999 -9999 -9999 -9999 -9999 -9999 -9999 -9999 -9999 -9999 -9999 -9999 -9999 -9999 -9999 1.09678421955403 -9999 -9999 1.07498939393939 0.687589909090909 1.10783267326733 0.00459146005509642 1.11450944741533 9.18273645546373e-08 0.0776728181818182 0.0734341818181818 0.0692343636363636 0.172115821678322 0.169147902097902 0.131708737864078 0.16850270979021 0.168239947552448 0.168921066433566 1.22051179117912 1.31248464254192 1.24072188879082 1.32356593115622 1.31241465136805 0.0888334833483348 1.32947696381289 1.33751302447552 1.38405307359307 1.38527272727273 1.39560909090909 1.41723852813853 1.4476422813036 1.45763662092624 1.49404348198971 1.54457398989899 1.52211689536878 1.56652424242424 1.59856924384027 1.61608190314359 1.59863194328607 1.59907727272727 1.64819023569024 1.64409354290569 1.7026992353441
-9999 -9999 -9999 -9999 -9999 -9999 -9999 -9999 -9999 -9999 -9999 1.01589462809917 0.990584451996602 1.04307403767404 1.01537324185249 1.03660597643098 1.03611932841933 1.01833469557965 1.06615587989992 1.02878887908208 1.11600420240137 1.11803861471861 1.1140923951049 1.06342421328671 -9999 1.07616788990826 1.08164351851852 1.0920527972028 1.2345624807396 1.11028148148148 1.17510756234916 1.13283944805195 1.19456588744589 1.15486443071492 1.24789271012007 1.25255583190395 1.26196415584416 1.26058379073756 1.25652514868309 1.27925930735931 1.28699819897084 1.26699411255411 1.29628103146853 1.28869571678322 1.30023146853147 1.38558173701299 1.41842453740949 -9999 -9999 -9999 -9999 -9999 -9999 -9999 -9999 -9999 -9999 -9999 -9999 -9999 -9999 -9999 -9999 -9999 -9999
-9999 -9999 -9999 -9999 -9999 -9999 -9999 1.03579402129402 1.0373963963964 -9999 -9999 -9999 -9999 -9999 -9999 -9999 -9999 -9999 -9999 -9999 -9999 -9999 -9999 1.21495502392345 1.25045789473684 1.20803476874003 1.19097731225296 1.21349328063241 1.19176172248804 1.19971331738437 1.27545888978278 1.257804784689 1.2119698310539 1.21169951298701 1.25439172809173 1.26098636363636 1.23491063311688 1.26806838656839 1.28265479115479 1.28840008417508 1.26576759259259 1.29500785123967 -9999 -9999 -9999 -9999 -9999 -9999 -9999 -9999 -9999 -9999 -9999 -9999 -9999 -9999 -9999 -9999 -9999 -9999 -9999 -9999 -9999 -9999 -9999
1.2956211323764 1.75910494417863 1.77379010458568 -9999 -9999 -9999 -9999 -9999 1.86832204344328 1.39070122850123 1.91755633116883 -9999 -9999 -9999 1.05042880128721 1.11985877192982 1.123275256917 1.10834242424242 1.11975148833467 1.14935590111643 -9999 -9999 -9999 -9999 -9999 -9999 -9999 1.71421566080978 1.76079051724138 1.25116267095736 1.27606436041834 1.27833423423423 1.25983685950413 1.2601126446281 1.26166487603306 1.69140384930385 1.68133797264682 1.24566793831169 -9999 -9999 -9999 -9999 -9999 -9999 -9999 -9999 -9999 -9999 -9999 -9999 -9999 -9999 -9999 -9999 -9999 -9999 -9999 -9999 -9999 -9999 -9999 -9999 -9999 -9999 -9999
-9999 -9999 -9999 -9999 -9999 -9999 -9999 -9999 -9999 -9999 -9999 -9999 -9999 -9999 -9999 -9999 -9999 -9999 -9999 -9999 -9999 -9999 -9999 -9999 3.95770495867769 4.12055633608815 -9999 -9999 -9999 -9999 -9999 -9999 -9999 -9999 -9999 -9999 -9999 -9999 -9999 -9999 -9999 -9999 -9999 -9999 -9999 -9999 -9999 -9999 -9999 -9999 -9999 -9999 -9999 -9999 -9999 -9999 -9999 -9999 -9999 -9999 -9999 -9999 -9999 -9999 -9999
0.920934253246753 1.20138685064935 1.20039291217257 0.974673054873055 1.21694106583072 -9999 -9999 -9999 -9999 -9999 -9999 -9999 -9999 -9999 -9999 -9999 -9999 -9999 -9999 -9999 3.85482468531469 3.12878395721925 4.0497043745728 4.16977265892003 4.06775461329715 2.88771525169046 -9999 -9999 2.26142392344498 3.92225983606557 3.46004440270473 2.36839876733436 1.23043977272727 1.22551176948052 1.22157674037674 1.64960974025974 1.66724013104013 -9999 4.2123586013986 2.92925416348358 4.40511186079545 3.75340625931446 3.72122956335004 3.75398362193362 3.06872372505543 -9999 -9999 -9999 -9999 -9999 -9999 -9999 -9999 -9999 -9999 -9999 -9999 -9999 -9999 -9999 -9999 -9999 -9999 -9999 -9999
-9999 1.40597560606061 1.41596898395722 -9999 -9999 -9999 -9999 -9999 2.50687665454545 3.30882215007215 -9999 -9999 -9999 -9999 -9999 -9999 -9999 -9999 -9999 3.81354107744108 3.94272306648575 3.22554821818182 3.50629534883721 4.07659296615793 4.09610323232323 4.09445461229947 -9999 4.16873021582734 4.53983828425096 4.14916036625245 2.91605912910619 3.48348804985337 2.9462020979021 2.48129098746082 2.93263092463092 1.91645090909091 1.82497320158103 2.46896893280632 1.23808438016529 1.27202702702703 1.26229594155844 1.25247084357084 1.25946022727273 1.25491047077922 1.24839659090909 1.2531275974026 1.26069469026549 2.50780695652174 1.23781315789474 -9999 -9999 -9999 -9999 -9999 -9999 -9999 -9999 -9999 -9999 -9999 -9999 -9999 -9999 -9999 -9999
-9999 -9999 -9999 -9999 -9999 -9999 1.35761581670362 1.20070956112853 2.00582516363636 1.24633748994368 1.26037827835881 0.932083847402597 -9999 -9999 -9999 -9999 -9999 -9999 -9999 -9999 -9999 -9999 3.8890306898775 3.95095602836879 3.99088607350097 3.34763335664336 3.28824858670741 2.81383844375963 4.13442002734108 2.90202607062359 4.06506863289382 2.86436856702619 3.38408292682927 3.53032162534435 3.49669866102889 3.57716079111728 3.48994745011086 3.66969308005427 4.13394781144781 3.72902996632997 4.23311383399209 2.96358115299335 3.71112276197085 1.74799497607655 1.74753516746411 1.75138532695375 1.77038405103668 2.46727249614792 1.25830933441558 1.24054440868866 1.24537321428571 1.24386055194805 1.25048327922078 1.24559601275917 1.25759259855189 0.0502574380165289 -9999 -9999 -9999 -9999 -9999 -9999 -9999 -9999 -9999
-9999 -9999 1.47826771390374 1.79331912457912 1.77070969251337 1.7932526458616 -9999 -9999 -9999 -9999 1.55718821548822 1.60072346256684 1.5728723202171 2.16931940298507 2.95904577691812 1.95777911172797 2.51786033057851 -9999 -9999 -9999 -9999 -9999 -9999 -9999 -9999 -9999 -9999 -9999 4.01161837387964 2.81151184110008 3.43288418329638 3.50179303977273 3.6017541322314 4.03008188311688 -9999 -9999 -9999 -9999 -9999 -9999 -9999 -9999 -9999 -9999 -9999 3.83789502322495 4.30897471190781 4.3519911038961 4.76105083487941 3.87743527815468 3.66673052475979 3.89132794336811 3.56410568181818 2.99579668721109 3.04075670261941 1.24574829545455 1.23871464199517 1.77868671936759 1.79984481658692 3.98386334545455 3.18062398119122 -9999 -9999 -9999 -9999
-9999 -9999 -9999 1.47198254810883 1.49014591904446 -9999 -9999 -9999 -9999 -9999 2.78436077922078 2.76466712779974 2.51812410774411 2.40995434343434 2.42435144781145 2.78277053998633 2.79617077441077 3.1905888961039 3.2559398989899 3.33551874221669 3.51667504702194 3.94640363636364 -9999 -9999 -9999 -9999 -9999 3.36569295967191 3.46550581222057 3.49342560721721 3.48880916083916 3.46381002147459 1.7219921630094 -9999 -9999 -9999 -9999 -9999 -9999 -9999 -9999 -9999 -9999 -9999 -9999 -9999 -9999 -9999 -9999 -9999 -9999 5.08809524382902 5.07560933660934 3.68134214876033 4.28825960355434 4.31878958041958 3.06623466872111 3.73000801232666 1.27770706168831 1.28092006552007 1.26539853896104 1.91901481191223 1.2924858677686 -9999 -9999
1.88910082644628 2.52704589041096 2.08025988556898 2.65850265924552 2.43568080808081 2.68348872976339 2.70356256313131 1.95898181818182 2.5394470846395 1.55985771043771 1.90097706293706 1.93496494490358 2.26015487967914 2.24461414900889 2.2719913986014 2.3281881332408 2.77362083035075 1.60678243451464 2.83720121212121 2.41195889992361 2.9325068914956 3.08099701492537 3.17874987195903 3.99780571944612 4.03865333333333 3.881177860235 3.29555548128342 3.59422987012987 4.21413339517625 3.43686631785481 3.39341441761364 2.84335931818182 2.30120656990069 2.83505560606061 -9999 -9999 -9999 -9999 -9999 -9999 -9999 -9999 -9999 -9999 -9999 -9999 -9999 -9999 -9999 -9999 -9999 -9999 5.01489662853703 5.06002848484848 5.10273563636364 -9999 4.38444879005886 3.9898845752608 3.38613174242424 1.83583427192277 1.84137039420756 1.29378727272727 1.28115616883117 0.786110578512397 0.0201352793994996
1.63514742530197 1.67118200757576 1.93334109848485 1.98222537878788 1.98464411011524 2.41058818181818 2.17367424242424 2.1772023989899 1.03247687902649 1.01563115835777 1.18402923636364 1.84667316017316 1.07056475409836 1.08938876570584 2.03941125541126 2.54403650242887 2.61754925373134 2.03796836964688 2.65392488038278 2.44941541818182 3.13316861313869 2.91000156037992 2.96161143048128 3.34900637626263 3.44841713048856 -9999 -9999 -9999 -9999 -9999 -9999 -9999 -9999 -9999 -9999 -9999 -9999 -9999 -9999 -9999 -9999 -9999 -9999 -9999 -9999 -9999 -9999 -9999 -9999 -9999 4.22893206388206 4.22466345083488 4.27584336609337 4.19348686176837 4.3418524427953 4.38305473225405 4.43573617554859 4.44370300896287 4.34959782608696 4.08112981818182 4.55261843790013 -9999 -9999 -9999 -9999
1.312782715311 1.32212535559678 1.6694255033557 1.34673432282004 1.25122106583072 1.29530610298792 1.31210752351097 1.6935994984326 1.61720941558442 1.67395768245839 1.1156854816825 1.65794955570745 1.08511313131313 1.31924993112948 0.991480984848485 1.29981746031746 1.76555835095137 1.77097629370629 1.54322987012987 2.11820495195861 2.40759972451791 2.09684149008886 4.01879348973607 3.92505222816399 -9999 -9999 3.43328284166165 3.49282275737508 4.3806588856305 2.14878477633478 -9999 -9999 -9999 -9999 -9999 -9999 -9999 -9999 -9999 -9999 -9999 -9999 -9999 1.84014227642276 3.4114865993266 3.66496196524064 3.80696436629064 4.26906220779221 4.23717089646465 4.05227733585859 4.03811049935979 3.26363965640659 3.36243948863636 3.97077814018043 -9999 3.85520070472163 1.85996158102767 1.27582049586777 1.28988438016529 1.2919832231405 1.30120430194805 1.32704815724816 4.21282300275482 -9999 -9999
1.49646503928171 1.59684441227562 1.45948024475524 1.25921927272727 1.38583779904306 1.33739316696376 1.4672869716271 1.36560161483254 1.36864985145573 1.42985668090299 1.4546722972973 1.37175077303649 1.36575921895006 1.34704427730543 1.39165368906456 1.93512366215345 2.41533776223776 2.90195561497326 -9999 -9999 -9999 -9999 -9999 -9999 -9999 -9999 3.41222251931075 3.44510351515152 3.48635120593692 2.85875533028123 -9999 -9999 -9999 3.35581423796791 4.30096164960867 -9999 -9999 -9999 -9999 -9999 -9999 -9999 -9999 -9999 -9999 -9999 -9999 -9999 -9999 -9999 -9999 -9999 2.78647127272727 1.81246561264822 1.82580577075099 2.1720077158136 2.49747452978056 1.87042901185771 1.36572177033493 0.774456818181818 0.774456565656566 0.779861718098415 1.28681876033058 1.37222045454545 1.36623303571429
0.700076282051282 0.81086546598056 0.865856534090909 0.882502727272727 0.915444325239977 0.856219522144522 0.891922346041056 0.851514141414142 0.833457736303432 0.94588096969697 0.625083810709838 0.834821212121212 0.793708143939394 0.852318437900128 1.05924719800747 0.796907575757576 -9999 -9999 -9999 -9999 -9999 -9999 -9999 -9999 -9999 -9999 -9999 -9999 -9999 -9999 -9999 -9999 -9999 -9999 -9999 -9999 -9999 -9999 -9999 -9999 -9999 -9999 -9999 -9999 -9999 -9999 -9999 -9999 -9999 -9999 -9999 -9999 -9999 -9999 -9999 -9999 1.30926993620415 0.779920266889074 0.00941111111111111 0.0252526094276094 2.92692763063708 4.651899933643 2.69353200295639 -9999 -9999
0.764761547148504 0.782414085297419 0.803168522727273 0.867671212121212 0.880238295454545 0.913438448176028 0.767524203069658 0.776484297520661 0.812395894428153 0.775861004784689 0.736178523489933 0.732015939393939 0.811805333333333 0.914756545454545 -9999 -9999 -9999 -9999 -9999 -9999 -9999 -9999 -9999 -9999 -9999 -9999 -9999 -9999 -9999 -9999 -9999 3.60389114676174 4.01580237670826 -9999 -9999 -9999 -9999 -9999 -9999 -9999 -9999 -9999 -9999 -9999 -9999 -9999 -9999 -9999 -9999 -9999 -9999 -9999 -9999 -9999 -9999 -9999 -9999 -9999 -9999 2.26154038748137 1.41223274268105 1.41513504273504 0.930310056315366 -9999 -9999
0.681186831955923 0.705699008264463 0.745608650137741 0.762622141662019 0.818141414141414 0.800410671936759 0.881345117845118 0.765895965909091 0.860679616036138 0.793035443037975 0.737100874125874 -9999 -9999 -9999 -9999 -9999 -9999 -9999 -9999 -9999 -9999 -9999 -9999 -9999 -9999 -9999 -9999 -9999 -9999 -9999 -9999 -9999 -9999 -9999 -9999 -9999 -9999 -9999 -9999 -9999 -9999 -9999 4.23485149350649 4.86070363636364 5.08175852272727 5.10972136045772 4.74615454545455 4.21823557880968 5.22904628681178 3.96775200534759 1.43304261818182 1.46806666666667 -9999 -9999 -9999 -9999 -9999 -9999 -9999 -9999 -9999 -9999 -9999 -9999 -9999
0.348899892415277 0.383581277056277 0.431157321720196 0.552995125958379 0.593326456178552 0.887208606777838 0.521917122141662 0.527903920454545 0.56399648633575 0.473631760644419 -9999 -9999 -9999 -9999 -9999 -9999 -9999 -9999 -9999 -9999 -9999 -9999 -9999 -9999 -9999 -9999 -9999 -9999 -9999 -9999 -9999 -9999 -9999 -9999 -9999 -9999 -9999 -9999 -9999 -9999 -9999 -9999 4.51073464717101 4.30027393515575 4.67469627525252 4.74360965517241 4.84687975499678 4.98785108225108 4.91136056592414 4.50841572481572 4.66332946918853 4.52909011592434 4.50654893227578 4.77884922696351 4.70912818181818 4.29886196172249 4.72688482800983 -9999 -9999 -9999 -9999 -9999 -9999 -9999 -9999
0.342930958230958 0.345139046199702 0.332414191919192 0.360940985271712 0.442378453038674 0.476339896103896 0.422817207792208 0.596897659227001 0.305915022172949 0.593539786756453 -9999 -9999 -9999 -9999 -9999 -9999 -9999 -9999 -9999 -9999 -9999 -9999 -9999 -9999 -9999 -9999 -9999 -9999 -9999 -9999 -9999 -9999 -9999 -9999 -9999 -9999 -9999 -9999 -9999 -9999 -9999 -9999 -9999 3.86654017199017 4.18680173444976 4.21846690909091 4.51102492269635 4.67245472140762 4.671899712313 4.56760035190616 4.63811052631579 4.66213173020528 4.13273810957255 4.65665698158051 4.62445188620903 4.68139603729604 4.70121176470588 -9999 -9999 -9999 -9999 -9999 -9999 -9999 -9999
0.369340650023552 0.375007365967366 0.3361237724842 0.359967698259188 0.38114780058651 0.388652816205534 0.413585685585133 0.498373530889 0.484865820213306 -9999 -9999 -9999 -9999 -9999 -9999 -9999 -9999 -9999 -9999 -9999 -9999 -9999 -9999 -9999 -9999 -9999 -9999 -9999 -9999 -9999 -9999 -9999 -9999 -9999 -9999 -9999 -9999 -9999 -9999 -9999 -9999 -9999 3.90119647495362 4.16932527272727 4.47255348288076 4.51922128883774 4.62401622554661 4.64475556818182 4.7058520609825 4.76646871165644 4.7896025974026 4.78224422755159 4.87572304574407 4.96889965909091 4.83681024898668 5.21554135254989 4.66141559263521 -9999 -9999 -9999 -9999 -9999 -9999 -9999 -9999
0.243724106739032 0.280724887488749 0.364649525101764 0.322068369259606 0.216604056695992 0.372537696335079 0.351417100737101 0.229581366147664 0.312604395604396 0.410389410589411 0.541456627729812 0.548792134831461 -9999 -9999 -9999 -9999 -9999 -9999 -9999 -9999 -9999 -9999 -9999 -9999 -9999 -9999 -9999 -9999 -9999 -9999 -9999 -9999 -9999 -9999 -9999 -9999 -9999 -9999 -9999 -9999 -9999 -9999 -9999 2.60719921733895 2.71011700118064 2.83571231671554 2.86998412042503 3.52415785123967 3.15753034238489 3.81554251835121 3.88530299194476 3.86833671328671 3.93540780058651 3.97042568914956 4.0737982275586 4.01523131964809 3.70616056670602 4.18963947065593 3.88471500278862 4.77750392684239 5.01496597880647 -9999 -9999 -9999 3.39014030110017
0.301317753001715 0.304942012356575 0.335745716783217 0.312014456762749 0.31870637254902 0.282208954545455 0.371322430333486 0.389617997231195 0.436351851851852 0.409463636363636 0.382830303030303 0.264970576735093 0.345571878121878 -9999 -9999 -9999 -9999 -9999 -9999 -9999 -9999 -9999 -9999 -9999 -9999 -9999 -9999 -9999 -9999 -9999 -9999 -9999 -9999 -9999 -9999 -9999 -9999 -9999 -9999 -9999 -9999 -9999 -9999 -9999 2.21811180012041 2.32468254545455 2.44546299120235 2.42261577363034 2.39805352197471 2.42577804014168 2.03290172311349 2.79326608391608 2.80030353213665 2.81493213665316 2.77736210153483 2.6328615430622 2.3090417218543 2.80350186335404 2.82980717415115 3.21365346320346 3.26328576839827 3.76205407523511 4.24499411157025 3.67774254545455 3.6010017875383
0.349901064701065 0.337751654796816 0.298543670348343 0.291379214682032 0.258920123565755 0.285802766798419 0.307563945278023 0.329243292144748 0.330199108734403 0.355368360071301 0.344247053449064 0.381661045454545 0.411979104477612 0.397843627227044 -9999 0.503432227032227 0.596360976789168 0.553089673913044 -9999 -9999 -9999 -9999 -9999 -9999 -9999 -9999 -9999 -9999 -9999 -9999 -9999 -9999 -9999 -9999 -9999 -9999 -9999 -9999 -9999 -9999 -9999 -9999 -9999 -9999 2.14895901022055 1.93772568181818 1.94590061728395 2.04948148354713 1.99638718238283 2.17417787307033 2.10787753329473 2.0988004027618 1.98036357918811 1.89379372842348 2.07638690680389 2.25353007856341 1.78775051783659 1.14093345216875 2.63032721925134 1.87280151515152 2.10963867670791 2.04948492239468 2.4890650887574 2.62184786418401 2.21397465909091
0.285761004784689 0.30863814229249 0.312910901045857 0.245803071814031 0.297852975206612 0.357343425324675 0.319507205697528 0.352585630498534 0.337139167374681 0.403495913261051 0.430130260942761 0.428704438753734 0.399987412587413 0.380776274944568 0.399300178253119 0.435840909090909 0.435654545454545 0.387708710138029 0.418428787878788 0.449270454545455 0.462918851674641 0.489425193423598 0.485837732160313 -9999 -9999 -9999 -9999 -9999 -9999 -9999 -9999 -9999 -9999 -9999 -9999 -9999 -9999 -9999 -9999 -9999 -9999 -9999 -9999 -9999 2.00699942528736 2.0865238961039 1.98055718128026 1.64991812638581 1.67187585227273 2.17746545454545 1.80777595837897 1.67097454545455 1.68027007340486 1.71869875776397 1.57786272155517 1.54194332210999 1.05179872611465 1.20533665315576 1.21092076246334 1.75401614973262 0.828165715983363 1.77812629459148 2.44005034556087 1.96719845730028 2.35728061336254
0.265811203319502 0.243988020030817 0.252641887226697 0.269062823984526 0.302072766122766 0.338963009404389 0.326070072405471 0.326527395026498 0.347105733005733 0.409606556717619 0.354835907015359 0.391640970240522 0.405959876033058 0.41084780058651 0.454670977379428 0.511979220779221 0.439870247933884 0.404134180035651 0.373218318867063 0.412586960514233 0.376928764568765 0.401012183692596 0.469259276437848 0.418033365064255 0.415458994197292 0.43566477893691 -9999 -9999 -9999 -9999 -9999 -9999 -9999 -9999 -9999 -9999 -9999 -9999 -9999 -9999 -9999 -9999 -9999 1.34654654983571 1.185695625 1.65608082039911 1.74464870523416 1.9283285026738 1.92353888280394 1.75913371900826 1.50465677635248 1.80083089793642 0.975412004662005 0.728247771836007 1.75188126385809 1.43419107744108 0.717826309452137 0.989739953676896 1.07323289772727 1.30364107744108 1.34292888026608 1.0830893081761 1.04123279631761 1.71029489337823 1.74638461117196
0.207412094513416 0.227051898734177 0.266059969442322 0.313385492424242 0.348437509238729 0.366906456400742 0.320930037878788 0.359906060606061 0.380316042780749 0.353673201581028 0.336891592920354 0.352168664521319 0.372496144480519 0.360695475113122 0.36812100456621 0.384439183501683 0.372209386892178 0.385972727272727 0.422044600938967 0.436275140025851 0.430643531468531 0.443651704545455 0.420896479500891 0.402859595959596 0.350625852272727 0.360798958333333 0.35738759018759 0.513706806028196 -9999 -9999 -9999 -9999 -9999 -9999 -9999 -9999 -9999 -9999 -9999 -9999 -9999 -9999 -9999 0.572593280632411 0.784375476992144 0.773539911308204 0.45353815865663 0.699749971767363 0.241123022432113 0.888483084004603 0.271638811188811 0.274126398601399 0.508559814707585 0.503991082802548 0.498615425219941 0.498920879765396 0.242822815249267 0.234836127508855 0.200746286393345 0.19727278708134 0.209825161290323 0.224058566433566 0.466341354723708 0.48913665132336 0.985413522727273
0.191255247756535 0.227623902821317 0.267260007974482 0.28613378921963 0.325665438871473 0.308925681818182 0.322414112903226 0.352512181818182 0.388755681818182 0.410544124168514 0.377730672268908 0.345986737504919 0.40532017167382 0.329345658377497 0.457508503134796 0.345858535582065 0.357536776859504 0.371739393939394 0.366854130344541 0.373447381650607 0.397785623678647 0.401812050739958 0.416568436703483 0.419065087494665 0.439069668246445 0.393199391039582 0.403371014492754 0.361254905490549 0.344916243654822 0.415282003710575 0.489184276437848 0.701034415584416 0.665424454545455 -9999 -9999 -9999 -9999 -9999 -9999 0.916879122621564 0.862977165775401 0.536871349862259 0.660973388429752 0.388378694924707 0.289021784922395 0.267932042648709 0.323116198347107 0.327430120481928 0.494409655561829 0.235603647944412 0.255937784090909 0.289763920454545 0.250619397799653 0.469682278481013 0.215154603358425 0.149584748803828 0.158177421271539 0.208409382284382 0.201217313259988 0.199630804863926 0.1408688057041 0.161766920821114 0.158328504398827 0.123333433014354 0.469337695425594
0.157290704340704 -9999 -9999 0.251045732433505 0.26592061620388 0.267025285241075 0.26832552026287 0.320457272727273 0.346314186217009 0.367555907250644 0.367233830104322 0.333192386363636 0.316937065938354 0.343382481467031 0.285428287337662 0.265506724782067 0.327373909498573 0.301125991735537 0.300820642201835 0.316181025854879 0.318482786195286 0.33874898989899 0.343961784511785 0.346775475687104 0.362733543771044 0.378898282362798 0.411615374947633 0.381985598980459 0.376901292546316 0.431529545454545 0.442511407342657 0.503514832535885 0.638591971112999 0.641174399656947 -9999 -9999 -9999 -9999 -9999 -9999 1.01821895070104 0.714295501893939 0.360942390194076 0.324604493207941 0.422538874937217 0.277274932759548 0.275816167664671 0.219213411896745 0.352546464646465 0.236933017289459 0.230843771043771 0.235738159371493 0.226250310559006 0.190492577675489 0.204180331618067 0.18726952544311 0.178205753739931 0.191305946255003 0.176617552887364 0.183709262435678 0.188384562607204 0.201799322416714 0.173125201380898 0.161104833141542 0.196206136363636
0.133280893000805 0.143474186822352 -9999 -9999 -9999 0.201081589958159 0.224113355780022 0.255432456799399 0.288043628912072 0.295260255447032 0.323939143501127 0.298784311469122 0.296623743766782 0.295580634071811 0.29934369879048 0.296654982135768 0.353586422161529 0.307613536243492 0.245034060057589 0.26141456190868 0.303291523341523 0.343095535714286 0.310398313451255 0.332579062114356 0.337199169779992 0.329760925771476 0.332737489574645 0.346808256880734 0.398552543786489 0.417847364051474 0.429146330275229 0.45605152892562 0.561716830466831 0.686194222222222 -9999 -9999 -9999 -9999 -9999 -9999 0.607596551724138 0.585574662466247 0.480644181818182 0.528359681818182 0.415908475378788 0.416223390151515 0.411037627613029 0.374781867588933 0.427086847195358 0.256915294117647 0.395888922006955 0.218790909090909 0.186481260457334 0.194489068600112 0.174111391694725 0.189787674288901 0.175575738984941 0.156772384219554 0.185067317345231 0.173625170454545 0.270446915584416 0.274301775147929 0.226690633608815 0.241372402597403 0.199827658402204
