birds/birdsgiss-er_run1bwd.asc
NCOLS 255 
NROWS 267 
XLLCORNER -16100344 
YLLCORNER -6047616 
CELLSIZE 50000 
NODATA_value -9999 
[rows 0 to 28 of 267, columns 130 to 194 of 255]
-9999 -9999 -9999 -9999 -9999 -9999 -9999 -9999 -9999 -9999 -9999 -9999 -9999 -9999 -9999 -9999 -9999 -9999 -9999 -9999 -9999 -9999 2.35930784313725 -9999 -9999 0.0108225108225108 0.0261279220779221 0.0110864745011086 0.0216450216450216 0.0216450216450216 0 0 0.0108225108225108 0 0.0108225108225108 0.0108225108225108 0.0108225108225108 0.0108225108225108 0.0108225108225108 0.0108225108225108 0.0156787139689579 0 1.80999783549784 0.0649350649350649 0 0.135706131078224 0.0241997835497835 3.03147758985201 0.109557359307359 3.14741921487603 3.0245057312253 3.16617098646035 3.20772107438017 3.22142262626263 3.23305795454545 3.24942707930368 3.34044304267161 3.29422973484848 3.32829412878788 3.35948046421663 3.36719111111111 3.70111834710744 3.54485996503496 3.64358754208754 3.62744420677362
-9999 -9999 -9999 -9999 -9999 -9999 -9999 -9999 -9999 -9999 -9999 2.16226178107607 2.27988684719536 2.21209628942486 0.0216450216450216 1.5231696969697 1.54752630560928 1.53991063829787 1.49507847866419 0.109912055335968 0.0458448051948052 0.0261279220779221 0.0108225108225108 0.168668560606061 -9999 0.168294063079777 0.160877365491651 0.0889328063241107 2.44312424242424 0.25594493006993 1.71217121212121 0.336988888888889 0.0559320247933884 0.142045454545455 0.145967992424242 0.0619834710743802 0.0854770750988142 0.0602109504132231 0.0706778925619835 0.0721820295983087 0.0592553911205074 2.6172688057041 2.83546136363636 2.70753582887701 2.75082654545455 2.90121555944056 2.90842845117845 -9999 -9999 -9999 -9999 -9999 -9999 -9999 -9999 -9999 -9999 -9999 -9999 -9999 -9999 -9999 -9999 -9999 -9999
-9999 -9999 -9999 -9999 -9999 -9999 -9999 2.03774145454545 2.04519643493761 -9999 -9999 -9999 -9999 -9999 -9999 -9999 -9999 -9999 -9999 -9999 -9999 -9999 -9999 1.75191984848485 2.37302280431433 0.430610815047022 1.65085901116427 2.3363651266766 2.35314393939394 2.33236274217586 1.56231866883117 1.58183732057416 1.49309006734007 2.29625799373041 1.54537468805704 2.36296704545455 2.39916607142857 2.39327804459691 2.46113531468531 1.65515757575758 2.69766912878788 2.61480892561983 -9999 -9999 -9999 -9999 -9999 -9999 -9999 -9999 -9999 -9999 -9999 -9999 -9999 -9999 -9999 -9999 -9999 -9999 -9999 -9999 -9999 -9999 -9999
2.69918076923077 3.62782373737374 3.6444797979798 -9999 -9999 -9999 -9999 -9999 5.19964017595308 4.52622408293461 3.89161262626263 -9999 -9999 -9999 2.07647643097643 2.08461885521886 2.06598583916084 1.39748981818182 2.08225269360269 1.47753468013468 -9999 -9999 -9999 -9999 -9999 -9999 -9999 2.34052909090909 2.34780878787879 2.21286996753247 0.205176048951049 0.284352909090909 0.260345256916996 0.15136185770751 0.175038878143133 2.30234276094276 2.3947307814992 2.39149190082645 -9999 -9999 -9999 -9999 -9999 -9999 -9999 -9999 -9999 -9999 -9999 -9999 -9999 -9999 -9999 -9999 -9999 -9999 -9999 -9999 -9999 -9999 -9999 -9999 -9999 -9999 -9999
-9999 -9999 -9999 -9999 -9999 -9999 -9999 -9999 -9999 -9999 -9999 -9999 -9999 -9999 -9999 -9999 -9999 -9999 -9999 -9999 -9999 -9999 -9999 -9999 5.6437546875 5.69407428977273 -9999 -9999 -9999 -9999 -9999 -9999 -9999 -9999 -9999 -9999 -9999 -9999 -9999 -9999 -9999 -9999 -9999 -9999 -9999 -9999 -9999 -9999 -9999 -9999 -9999 -9999 -9999 -9999 -9999 -9999 -9999 -9999 -9999 -9999 -9999 -9999 -9999 -9999 -9999
1.68191540832049 1.66693242424242 1.63751713859911 1.79227743506494 1.68492650231125 -9999 -9999 -9999 -9999 -9999 -9999 -9999 -9999 -9999 -9999 -9999 -9999 -9999 -9999 -9999 6.72214919786096 4.25456411483254 6.68805766233766 5.84516737967915 6.9592804483188 3.52519984326019 -9999 -9999 1.73164973262032 5.71611463790447 6.37991356184799 3.6923279338843 0.277628200371058 0.260071057513915 1.65999376114082 2.45749768270945 2.36667650085763 -9999 4.35946748844376 4.35878676236045 3.98592965722802 4.40792681047766 3.44382757575758 2.54251363636364 4.50637712121212 -9999 -9999 -9999 -9999 -9999 -9999 -9999 -9999 -9999 -9999 -9999 -9999 -9999 -9999 -9999 -9999 -9999 -9999 -9999 -9999
-9999 1.62615423728814 1.63499229583975 -9999 -9999 -9999 -9999 -9999 4.05388460410557 2.78644012539185 -9999 -9999 -9999 -9999 -9999 -9999 -9999 -9999 -9999 6.68092447552447 6.85893080808081 6.12604724517906 6.90539923175416 7.01660909090909 7.07618335301063 7.13164876033058 -9999 6.0030456937799 6.14029793939394 6.86348424242424 6.20854848484849 6.25466251748252 6.24415692995529 4.59817081339713 6.26472786885246 5.14731621212121 3.23696996753247 4.31912409090909 1.65546730769231 0.269625090909091 0.256294363636364 0.295936007130125 1.69160588235294 2.57762852049911 1.66009661319073 1.66168306595365 2.56427495711835 3.52947987012987 0.112459183673469 -9999 -9999 -9999 -9999 -9999 -9999 -9999 -9999 -9999 -9999 -9999 -9999 -9999 -9999 -9999 -9999
-9999 -9999 -9999 -9999 -9999 -9999 1.58929581529582 1.10639291217257 2.38411832844575 0.1267867003367 0.170053719008264 0.143130471380471 -9999 -9999 -9999 -9999 -9999 -9999 -9999 -9999 -9999 -9999 4.86881172248804 4.933412 5.76760955710956 3.78849363636364 3.40467147335423 1.25812171717172 4.48049509379509 3.44209318181818 4.2018499229584 4.53504822804314 4.20978166409861 5.24057113997114 5.24576451612903 4.14821196969697 4.17025254237288 4.23443363636364 3.37076101928375 3.44358073270014 4.18454376623377 4.36301725731895 4.32960894660895 2.58030017152659 2.53043569023569 2.53245173553719 2.58424444444444 4.54594122257053 0.190877183600713 0.136723272727273 2.55918787878788 2.55411885521886 2.64090087412587 2.61659433962264 2.70621657754011 0.0923843636363636 -9999 -9999 -9999 -9999 -9999 -9999 -9999 -9999 -9999
-9999 -9999 1.01256019283747 0.972727272727273 0.112339020979021 0.989275033921303 -9999 -9999 -9999 -9999 0.694941229193342 0.722620358514725 0.755455825864277 1.34161408450704 2.17692371007371 2.18863168044077 1.90059715909091 -9999 -9999 -9999 -9999 -9999 -9999 -9999 -9999 -9999 -9999 -9999 4.94704270334928 2.18515405844156 4.39782131661442 3.92594292101341 4.00327510489511 3.0095220979021 -9999 -9999 -9999 -9999 -9999 -9999 -9999 -9999 -9999 -9999 -9999 4.63778998682477 6.51778935406699 6.38515579078456 7.82041537598204 6.45230414438503 6.58790241477273 6.72086070381232 5.92192519936204 3.70631565656566 3.72020555555556 2.66566748251748 2.56687239057239 2.74669590017825 2.73951975524476 6.03981217008798 6.19760833333333 -9999 -9999 -9999 -9999
-9999 -9999 -9999 0.393343212951432 0.467706388206388 -9999 -9999 -9999 -9999 -9999 2.13847445339471 0.759447322540473 0.877679151515152 1.35367045454545 1.38450828877005 2.77145989304813 2.9094795134443 3.77403943661972 3.3581896637609 3.88346682408501 4.65972806818182 5.75179737130339 -9999 -9999 -9999 -9999 -9999 1.20176801948052 2.15128133116883 3.3279697466468 3.36626736214605 3.92576616989568 1.65169024793388 -9999 -9999 -9999 -9999 -9999 -9999 -9999 -9999 -9999 -9999 -9999 -9999 -9999 -9999 -9999 -9999 -9999 -9999 7.82254663101604 7.84184267379679 4.71667646103896 6.65399132867133 7.03799136363636 3.58003668831169 3.63824561688312 2.6281265993266 2.69125780445969 2.62453013468013 2.69317221269297 2.69109399656947 -9999 -9999
2.0103139101862 1.47219320920044 2.1348854978355 2.09482929292929 2.09152750287687 2.16914444444444 2.17310193181818 2.2360037037037 2.26506940133038 0.58122602739726 0.398554132231405 0.508113704206242 1.95533886693017 1.42460401069519 0.573149173553719 1.31100840220386 1.38449956709957 1.18197484848485 2.94381302578019 1.20058228043143 3.20113957219251 2.17970895104895 3.93502285714286 4.91807992916175 4.15025584415584 1.22679957386364 2.964668385346 3.15019769335143 5.25944267676768 5.43775256916996 3.31034545454545 3.46597272727273 2.58815167464115 3.19792015151515 -9999 -9999 -9999 -9999 -9999 -9999 -9999 -9999 -9999 -9999 -9999 -9999 -9999 -9999 -9999 -9999 -9999 -9999 7.17448181818182 8.17938428853755 8.33361929292929 -9999 6.91173696969697 5.80169545454545 3.62728996865204 3.57378714733542 2.55731897926635 2.66806603773585 2.69019605488851 0.0089126559714795 0.017825311942959
1.91349007177034 1.94335737898465 0.676126787878788 0.818042181818182 0.688505121638924 1.37923181818182 2.0927830840046 0.737410371318822 0.47142170963365 0.411901278409091 0.380549005681818 1.12087514204545 0.471160559440559 1.1771171875 0.487881534090909 0.500411505681818 3.55461727272727 1.17764935064935 3.71215335968379 1.21301451612903 3.91094518716578 1.64504433566434 3.17676906377205 4.01709795134443 4.22272027027027 -9999 -9999 -9999 -9999 -9999 -9999 -9999 -9999 -9999 -9999 -9999 -9999 -9999 -9999 -9999 -9999 -9999 -9999 -9999 -9999 -9999 -9999 -9999 -9999 -9999 6.89226543209876 6.61051967779056 6.60097603305785 6.67470478468899 7.12112017738359 6.75116130820399 6.92187014590348 6.86684373464373 7.28124974747475 6.00831436950147 7.02380405405405 -9999 -9999 -9999 -9999
0.859362626262626 1.0144750802139 0.988013636363636 0.933811281489595 0.972073165388828 0.871356363636364 0.937251553509781 0.857474380165289 0.677175 0.645430050505051 0.607799331550802 0.536915875169606 1.08246503496503 0.376956854256854 1.13775809659091 0.452174431818182 2.75720750988142 2.75710441176471 1.15018783216783 0.483547552447552 3.00085929443691 3.08582795115332 3.22727901069519 3.2407442687747 -9999 -9999 4.40125320855615 5.18879272727273 5.35147208706786 3.56827518037518 -9999 -9999 -9999 -9999 -9999 -9999 -9999 -9999 -9999 -9999 -9999 -9999 -9999 3.30265192604006 4.33770099431818 4.91503131313131 5.75036916996048 5.91861818181818 6.65514002525252 6.60961388888889 6.58723244949495 3.44038526645768 4.62678333333333 4.65068545454545 -9999 3.49980407523511 3.54521722488038 2.59047592592593 2.66854202401372 2.63181750841751 2.68110394511149 2.71014476843911 7.55900909090909 -9999 -9999
0.990877169421488 1.00503688016529 0.926021818181818 0.93329955654102 0.842825316455696 0.927077890011223 1.03349156626506 0.942958227848101 0.912476363636364 0.881508612440191 0.735098648648649 0.758781090909091 0.661365941101152 1.21981725955204 2.71425877957659 3.35920709838107 3.41822844155844 3.51403955773956 -9999 -9999 -9999 -9999 -9999 -9999 -9999 -9999 4.42353359683794 4.36310867768595 4.43326241519674 5.31591935064935 -9999 -9999 -9999 4.34091711229947 5.83221919191919 -9999 -9999 -9999 -9999 -9999 -9999 -9999 -9999 -9999 -9999 -9999 -9999 -9999 -9999 -9999 -9999 -9999 5.62098826979472 3.65812744425386 2.50368535353535 3.66552743801653 3.59269936204147 3.7953664983165 2.64869399656947 1.60848706293706 1.60848653846154 1.62596870629371 2.67075574614065 2.6878807890223 2.66333114478114
0.776939938712972 0.887582978723404 0.907967885375494 0.945060968379447 1.11767898989899 0.683600795454545 0.656159886363636 0.664539355581128 0.613602479338843 0.509554047322541 0.430446350832266 0.699244570707071 0.529066584766585 1.80391907810499 2.58141709090909 1.87639662337662 -9999 -9999 -9999 -9999 -9999 -9999 -9999 -9999 -9999 -9999 -9999 -9999 -9999 -9999 -9999 -9999 -9999 -9999 -9999 -9999 -9999 -9999 -9999 -9999 -9999 -9999 -9999 -9999 -9999 -9999 -9999 -9999 -9999 -9999 -9999 -9999 -9999 -9999 -9999 -9999 2.64304947552448 2.63428216783217 1.59112517482517 0 5.22402727272727 6.81338932806324 3.95802296650718 -9999 -9999
0.583450328022493 0.766906545454546 0.780694582185491 0.783140340909091 0.723988758553275 0.686560847107438 0.683855475206612 0.660287445887446 0.628778935698448 0.585498466593647 0.520013403263403 0.468947488038278 0.487391272727273 0.516320547945206 -9999 -9999 -9999 -9999 -9999 -9999 -9999 -9999 -9999 -9999 -9999 -9999 -9999 -9999 -9999 -9999 -9999 6.7591402241594 7.03377963636364 -9999 -9999 -9999 -9999 -9999 -9999 -9999 -9999 -9999 -9999 -9999 -9999 -9999 -9999 -9999 -9999 -9999 -9999 -9999 -9999 -9999 -9999 -9999 -9999 -9999 -9999 2.78527154882155 2.81937981818182 2.75669376114082 2.72114283216783 -9999 -9999
0.65796108751062 0.745294276094276 0.615788658008658 0.653737298215803 0.589290814393939 0.643067803030303 0.681174736842105 0.698451265229616 0.644859980237154 0.585501057082452 0.605635294117647 -9999 -9999 -9999 -9999 -9999 -9999 -9999 -9999 -9999 -9999 -9999 -9999 -9999 -9999 -9999 -9999 -9999 -9999 -9999 -9999 -9999 -9999 -9999 -9999 -9999 -9999 -9999 -9999 -9999 -9999 -9999 7.47447260606061 7.02308874458874 7.30851564828614 7.36004008941878 5.7821236677116 4.55611832844575 5.90666332819723 4.60214824046921 2.69857915360502 2.68827349768875 -9999 -9999 -9999 -9999 -9999 -9999 -9999 -9999 -9999 -9999 -9999 -9999 -9999
0.445213790446841 0.431620689655172 0.44413293460925 0.47325768302494 0.518860740144811 0.563592126623377 0.572637373737374 0.508657604078165 0.480605488850772 0.464722859664607 -9999 -9999 -9999 -9999 -9999 -9999 -9999 -9999 -9999 -9999 -9999 -9999 -9999 -9999 -9999 -9999 -9999 -9999 -9999 -9999 -9999 -9999 -9999 -9999 -9999 -9999 -9999 -9999 -9999 -9999 -9999 -9999 7.92023152302243 7.97753494687131 8.82670935828877 8.21894029850746 8.29826811397558 7.69269307359307 6.97348080808081 5.99705439642325 6.00220596125186 7.78110809659091 5.98263885630498 4.96498636363636 5.74326089466089 5.82257712609971 7.32526060606061 -9999 -9999 -9999 -9999 -9999 -9999 -9999 -9999
0.385315822345593 0.331410703812317 0.347009386548411 0.366809677419355 0.400311475409836 0.3829437596302 0.400023505323505 0.399662727272727 0.358689225589226 0.393700081168831 -9999 -9999 -9999 -9999 -9999 -9999 -9999 -9999 -9999 -9999 -9999 -9999 -9999 -9999 -9999 -9999 -9999 -9999 -9999 -9999 -9999 -9999 -9999 -9999 -9999 -9999 -9999 -9999 -9999 -9999 -9999 -9999 -9999 8.05677598204265 7.43803098086124 7.52502296650718 7.58804988038278 7.77803088418431 7.7318257985258 7.8881199252802 7.93984844333748 7.86819238329238 8.06429078282828 8.03110124533001 8.06830660024907 8.1325900373599 8.23100749385749 -9999 -9999 -9999 -9999 -9999 -9999 -9999 -9999
0.27113932346723 0.297745525568182 0.280549560117302 0.323027272727273 0.285306725794531 0.299434259954921 0.316234109691961 0.313178605015674 0.249490830721003 -9999 -9999 -9999 -9999 -9999 -9999 -9999 -9999 -9999 -9999 -9999 -9999 -9999 -9999 -9999 -9999 -9999 -9999 -9999 -9999 -9999 -9999 -9999 -9999 -9999 -9999 -9999 -9999 -9999 -9999 -9999 -9999 -9999 6.50046202531646 6.6686084004603 6.56711122334456 6.50763927738928 6.58473881118881 6.70652042502952 6.71127354312354 6.95310442890443 6.85630147727273 6.58936363636364 6.73798827751196 6.11943050239234 6.95753525798526 7.01666191646192 6.72258469505178 -9999 -9999 -9999 -9999 -9999 -9999 -9999 -9999
0.159223387096774 0.175481522542498 0.179168863636364 0.199913636363636 0.189122575757576 0.256138433111604 0.2418325 0.278360923753666 0.371976479076479 0.400648153409091 0.386941803865426 0.359995195861049 -9999 -9999 -9999 -9999 -9999 -9999 -9999 -9999 -9999 -9999 -9999 -9999 -9999 -9999 -9999 -9999 -9999 -9999 -9999 -9999 -9999 -9999 -9999 -9999 -9999 -9999 -9999 -9999 -9999 -9999 -9999 5.55720792540793 5.55478962703963 5.72846244019139 5.67014417249417 4.84003648018648 4.22960873671783 4.22118098086124 3.96632868949233 4.03275539393939 3.51010157575758 3.52184606060606 3.47091781818182 3.50657380382775 3.91259613636364 4.85682587412587 4.15023624856156 4.51067611218569 4.50446442307692 -9999 -9999 -9999 7.5391013368984
0.165787647467037 0.169907516105941 0.185918614718615 0.191807431457431 0.206121284271284 0.159347474747475 0.22630184774575 0.215963636363636 0.201491294298921 0.24583305785124 0.358818252840909 0.299539083750895 0.422262873004858 -9999 -9999 -9999 -9999 -9999 -9999 -9999 -9999 -9999 -9999 -9999 -9999 -9999 -9999 -9999 -9999 -9999 -9999 -9999 -9999 -9999 -9999 -9999 -9999 -9999 -9999 -9999 -9999 -9999 -9999 -9999 3.46426131078224 2.05759299014239 2.30625820399113 1.76094649021864 1.2845800472255 1.34278229665072 1.36796756453423 1.36942491582492 1.24148842975207 1.26455880322209 1.21842113341204 1.21172502951594 0.353869421487603 0.447114523281597 2.83196864564007 1.01425274841438 2.07719204545455 1.72079032258065 2.83025705996132 2.24707282502444 2.50832309299896
0.155772859986729 0.201711314584696 0.184061363636364 0.20833028024607 0.212447865013774 0.174345239799571 0.188701775568182 0.197136077308518 0.210928643578644 0.259044660894661 0.257750865800866 0.302741118881119 0.355965413533835 0.396432954545455 -9999 0.414874947952811 0.424943732782369 0.332870161290323 -9999 -9999 -9999 -9999 -9999 -9999 -9999 -9999 -9999 -9999 -9999 -9999 -9999 -9999 -9999 -9999 -9999 -9999 -9999 -9999 -9999 -9999 -9999 -9999 -9999 -9999 1.92995411255411 1.75654135864136 1.66216713286713 1.7588008797654 1.40515415019763 1.31041264367816 0.56642177589852 0.4995286966046 0.490131277056277 0.429572394678492 0.42025177383592 0.388366891133558 0.324069772727273 0.350785761226725 0.573104958677686 0.542471487603306 0.434865882352941 0.42170577540107 0.769200395256917 0.673977676767677 0.341447914438503
0.108276177836762 0.124440118577075 0.159585600530856 0.146965671641791 0.188202832674572 0.198507114624506 0.210933596837945 0.204342424242424 0.225182352941176 0.210727951153324 0.224457006151743 0.26390447761194 0.270775324675325 0.312931785003318 0.33336557486631 0.366567647058823 0.347277972027972 0.318096590909091 0.363049289772727 0.4074296875 0.385301192250373 0.448674545454545 0.375503812316716 -9999 -9999 -9999 -9999 -9999 -9999 -9999 -9999 -9999 -9999 -9999 -9999 -9999 -9999 -9999 -9999 -9999 -9999 -9999 -9999 -9999 1.51591730769231 1.64941218005296 0.733578021978022 0.718458282828283 0.444183803552769 0.6045916827853 0.525547676767677 0.414092685475444 0.375975898520085 0.433280991735537 0.390251479915433 0.453881818181818 0.251156516976999 0.253980844155844 0.259922780748663 0.671469696969697 0.262422198731501 0.344357716701903 0.479735858585859 0.513409595959596 0.427661983471074
0.141397711811998 0.105474431818182 0.131696401515152 0.143962355953905 0.201020561317877 0.219915497254423 0.191141004450095 0.201773303457106 0.237680689655172 0.261441943573668 0.255470664087685 0.278302304737516 0.273061121856867 0.258006916996047 0.295217527795945 0.320664295125165 0.272698359535202 0.309541519674356 0.309044545454545 0.348689288231149 0.385544115574348 0.469784803256445 0.450817286501377 0.323734604105572 0.300187211093991 0.287424117205109 -9999 -9999 -9999 -9999 -9999 -9999 -9999 -9999 -9999 -9999 -9999 -9999 -9999 -9999 -9999 -9999 -9999 1.37070854545455 0.753643890518084 0.470523898781631 0.947370665417057 0.988200684261975 0.978641153470186 0.392803434343434 0.380686262626263 0.424758102766798 0.237046549835706 0.177647923681257 0.420353656126482 0.288981390374332 0.187840022172949 0.184235365853659 0.274042600422833 0.359531562819203 0.400455844155844 0.329910020661157 0.218178502673797 0.347354338842975 0.351982851239669
0.0759169777242625 0.0974413277511962 0.0928783353010626 0.135021876832845 0.158770205278592 0.171373265550239 0.167154244431066 0.194395906080674 0.214083744732089 0.222018666666667 0.236315070164735 0.254599572910311 0.268636912751678 0.257570439084725 0.27589938157081 0.245671510883483 0.216910695187166 0.234432352941176 0.240717643097643 0.281350534759358 0.301754545454545 0.325770661157025 0.359124195804196 0.327357909806729 0.334695912614517 0.265134164222874 0.273590169992609 0.235176154992548 -9999 -9999 -9999 -9999 -9999 -9999 -9999 -9999 -9999 -9999 -9999 -9999 -9999 -9999 -9999 0.800546624662466 0.289623768939394 0.321573971291866 0.290423221343874 0.288175296442688 0.292997752808989 0.322270948616601 0.378258998144712 0.365647610121837 0.369976893939394 0.371920712277413 0.329556500488759 0.339878690127077 0.24716935648621 0.202078719008264 0.216069111570248 0.213096935648621 0.199947004132231 0.272660808080808 0.206661024033438 0.397648320158103 0.372580039525692
0.063505581127733 0.0534628883774453 0.109986935220468 0.143479989241528 0.14741572327044 0.144339743589744 0.17155641025641 0.176119638694639 0.205869463869464 0.211717771260997 0.186691387559809 0.176815757575758 0.215759988038278 0.185532653061224 0.203280651105651 0.231683735312307 0.266691898577613 0.281592216687422 0.279831347962382 0.278035664335664 0.315906145966709 0.260276604278075 0.269041510695187 0.284181411126187 0.306274367737526 0.260008391608392 0.290831644691187 0.246169036226931 0.264783451704545 0.19183848973607 0.223258797653959 0.236414809384164 0.25370772005772 -9999 -9999 -9999 -9999 -9999 -9999 0.614641271118262 0.344798842975207 0.289165537190083 0.30271871657754 0.341983741258741 0.350477316017316 0.320342513368984 0.409093996569468 0.402675584415584 0.384372370766488 0.334731909090909 0.363140594059406 0.393352162400706 0.416433980582524 0.398404677846425 0.348948576675849 0.280892897727273 0.297870196813496 0.314937105751391 0.318491372912801 0.306468697282099 0.274318278529981 0.296949953139644 0.28650946579194 0.299654641148325 0.381217439703154
0.0960171717171717 -9999 -9999 0.144673598258029 0.124835409652076 0.116507272727273 0.125126751592357 0.129062052785924 0.147563753665689 0.174733158508159 0.167591436950147 0.171096656891496 0.171158704693999 0.167775777511962 0.129080405405405 0.155405194805195 0.180464996907854 0.204792997542998 0.210542901618929 0.238453673723537 0.233905657978385 0.272494191919192 0.278859539052497 0.251818574231524 0.287817279174726 0.289681033355134 0.313799285714286 0.261678475935829 0.288554347826087 0.267304313205043 0.26601209941138 0.240011631016043 0.242228080808081 0.288499071001991 -9999 -9999 -9999 -9999 -9999 -9999 0.460884232954545 0.456461488904796 0.400867868338558 0.443530039525692 0.53156696969697 0.384297952497953 0.359330476190476 0.307376867686769 0.410534932659933 0.299956345634563 0.277483618361836 0.286165346534653 0.287795589558956 0.281942304230423 0.309591978609626 0.286564973262032 0.269444194419442 0.310130714916152 0.280078127812781 0.340069251336898 0.329192869875223 0.286966758494031 0.320260017652251 0.299635545454545 0.31712807486631
0.137493922924901 0.12804000999001 -9999 -9999 -9999 0.141835987089833 0.152290476190476 0.182039015151515 0.18490865279299 0.186824753559693 0.194734820936639 0.183618972332016 0.168805293440736 0.161787571921749 0.147817650531287 0.0941552825552826 0.120267663209274 0.123793611793612 0.139453673723537 0.14972012539185 0.161846527777778 0.215825479282622 0.239193815708101 0.239083216783217 0.26837027027027 0.245332196969697 0.247166624284806 0.229747247119078 0.239043896103896 0.226749935064935 0.237616592498411 0.244592929292929 0.304306988249845 0.286703710575139 -9999 -9999 -9999 -9999 -9999 -9999 0.403908021390374 0.372564187327824 0.409782095766829 0.462589937543373 0.443825340014316 0.468065282748747 0.42130110864745 0.408536814425244 0.444867511177347 0.308793494578816 0.479080551415797 0.271947427101201 0.212462834224599 0.209033303330333 0.220052406417112 0.234893115622242 0.219500267379679 0.202840144014401 0.234313681368137 0.289147308031774 0.39451387987013 0.397371531100478 0.271042100617829 0.269964423076923 0.271603583916084
