birds/birdsmiroc3.2_medres_run1bwd.asc
NCOLS 255 
NROWS 267 
XLLCORNER -16100344 
YLLCORNER -6047616 
CELLSIZE 50000 
NODATA_value -9999 
[rows 0 to 28 of 267, columns 130 to 194 of 255]
-9999 -9999 -9999 -9999 -9999 -9999 -9999 -9999 -9999 -9999 -9999 -9999 -9999 -9999 -9999 -9999 -9999 -9999 -9999 -9999 -9999 -9999 1.32224945054945 -9999 -9999 1.3127899897855 1.34074751082251 1.3320367965368 1.35897229946524 1.36956655844156 1.37467721925134 1.46054556149733 1.46490200845666 1.47169016042781 1.51130334378265 0.998445561497326 1.47283144385027 1.03699365750529 1.56784827586207 1.58357477017365 1.49281363636364 1.53934186046512 1.50346288770053 1.55348847780127 1.5612745243129 1.61754555903866 1.56525681818182 1.57052453450164 1.67040877742947 1.61662846320346 1.6652513061651 1.73034926004228 1.6944511627907 1.70976141649049 1.76749957716702 1.77584968287526 1.89011050505051 1.80016152219873 1.83878117647059 1.87827843551797 1.8464689217759 2.028298001998 2.05923056943057 2.12709960899316 2.1156008991009
-9999 -9999 -9999 -9999 -9999 -9999 -9999 -9999 -9999 -9999 -9999 1.26414855144855 1.25451818181818 1.26526273726274 1.27232252066116 1.26436553446553 1.32619604743083 1.32115982404692 1.27660108695652 1.26058811188811 1.2650286631016 1.26896438502674 1.29406247357294 1.31840656565657 -9999 1.35467507660878 1.34479949494949 1.32111630094044 1.43476767676768 1.37956074380165 1.33448102766798 1.36898611388611 1.43649268547544 1.46466074380165 1.47215165289256 1.45580031347962 1.47390588842975 1.46603343782654 1.47702695924765 1.50002209302326 1.50327168234065 1.54395056179775 1.54936952479339 1.54280216942149 1.5700811031665 1.67991934235977 2.25319789473684 -9999 -9999 -9999 -9999 -9999 -9999 -9999 -9999 -9999 -9999 -9999 -9999 -9999 -9999 -9999 -9999 -9999 -9999
-9999 -9999 -9999 -9999 -9999 -9999 -9999 1.64167213438735 1.63976363636364 -9999 -9999 -9999 -9999 -9999 -9999 -9999 -9999 -9999 -9999 -9999 -9999 -9999 -9999 1.86317990909091 1.90581853832442 1.91412586691659 1.89981470588235 1.9062158870256 1.90347816399287 1.91417459893048 1.91265649350649 1.95288585858586 1.92996019138756 1.93328950328023 1.93860107526882 1.99190817263545 1.98962660287081 1.9894256916996 1.4409431085044 1.49537233201581 1.5254266798419 2.1169419868791 -9999 -9999 -9999 -9999 -9999 -9999 -9999 -9999 -9999 -9999 -9999 -9999 -9999 -9999 -9999 -9999 -9999 -9999 -9999 -9999 -9999 -9999 -9999
2.13996559714795 2.51959885167464 2.59996841611996 -9999 -9999 -9999 -9999 -9999 3.85214322469983 3.84432735849057 3.72330874458874 -9999 -9999 -9999 1.72025344352617 1.78320238751148 1.77012606679035 1.75429801136364 1.79137463636364 1.78121418181818 -9999 -9999 -9999 -9999 -9999 -9999 -9999 2.54750611570248 2.03572996632997 2.7122722027972 1.88276011131725 1.40320196813496 1.49990469208211 1.49534330400782 1.51074419729207 2.52169628099174 3.1060076986077 3.11932388429752 -9999 -9999 -9999 -9999 -9999 -9999 -9999 -9999 -9999 -9999 -9999 -9999 -9999 -9999 -9999 -9999 -9999 -9999 -9999 -9999 -9999 -9999 -9999 -9999 -9999 -9999 -9999
-9999 -9999 -9999 -9999 -9999 -9999 -9999 -9999 -9999 -9999 -9999 -9999 -9999 -9999 -9999 -9999 -9999 -9999 -9999 -9999 -9999 -9999 -9999 -9999 4.59865856929955 4.7743528 -9999 -9999 -9999 -9999 -9999 -9999 -9999 -9999 -9999 -9999 -9999 -9999 -9999 -9999 -9999 -9999 -9999 -9999 -9999 -9999 -9999 -9999 -9999 -9999 -9999 -9999 -9999 -9999 -9999 -9999 -9999 -9999 -9999 -9999 -9999 -9999 -9999 -9999 -9999
1.50332863211555 1.5077385077187 1.55243227689741 1.37045338680927 1.59084774851317 -9999 -9999 -9999 -9999 -9999 -9999 -9999 -9999 -9999 -9999 -9999 -9999 -9999 -9999 -9999 3.89749598484849 3.75530947288006 3.98914598484849 4.51499187779434 4.64386735862563 4.11185138993238 -9999 -9999 3.90658148457048 4.84082653362897 4.78305476539589 3.98532782131661 2.71933831168831 1.96383234449761 3.27907691622103 3.99586473354232 3.97206213438735 -9999 5.4026879476584 5.36311789321789 5.53819405594406 4.83314276363636 5.24061244019139 4.71837832727273 5.38381413352273 -9999 -9999 -9999 -9999 -9999 -9999 -9999 -9999 -9999 -9999 -9999 -9999 -9999 -9999 -9999 -9999 -9999 -9999 -9999 -9999
-9999 1.63197494071146 1.69557719435737 -9999 -9999 -9999 -9999 -9999 2.54343342877595 2.82623887657058 -9999 -9999 -9999 -9999 -9999 -9999 -9999 -9999 -9999 3.99408153846154 4.51652217630854 3.98127294900222 4.25784735729387 4.66670173796791 4.69205768967874 4.72232091592618 -9999 5.38935761670762 5.52781460606061 5.16005083226633 4.79433902097902 4.96606662242867 4.50449654686399 4.45379733044733 4.40446041517538 4.18567213599409 4.08848647822765 4.34716807444524 2.23639917355372 2.13920816326531 2.17025730027548 1.51421382978723 1.59285366568915 2.21871790352505 2.19316098484848 2.19629772727273 3.00636687668767 4.94012612741589 1.49922687747036 -9999 -9999 -9999 -9999 -9999 -9999 -9999 -9999 -9999 -9999 -9999 -9999 -9999 -9999 -9999 -9999
-9999 -9999 -9999 -9999 -9999 -9999 2.1313697412077 1.92676127689105 2.14803368983957 2.32681037878788 1.95218368298368 1.81208237639553 -9999 -9999 -9999 -9999 -9999 -9999 -9999 -9999 -9999 -9999 4.49502628992629 4.92647145454545 5.24530773955774 4.20947160737813 4.17981680440771 4.33334739764053 4.66570792207792 4.47829486467731 4.54132987012987 4.38633132102273 4.57473018736988 4.84964050203528 4.90166791044776 4.69170180430257 4.54108753443526 4.9255567513369 4.96776060606061 5.45806134774317 5.33945605015674 4.87991353535354 5.28633874919407 4.16533592017738 4.16034384164223 4.2153719076006 4.26664928625094 4.69502844352617 1.57381183712121 1.50385148221344 4.28368157683025 4.29962836052836 3.81123277731443 3.15645515151515 2.242967 1.52218863636364 -9999 -9999 -9999 -9999 -9999 -9999 -9999 -9999 -9999
-9999 -9999 2.06485045454545 2.07460057618438 2.16153254926891 2.05519103989536 -9999 -9999 -9999 -9999 2.39572063185042 2.44004919406834 2.34287045454545 2.54524867424242 2.6557687221869 3.18977863304579 3.19360318860244 -9999 -9999 -9999 -9999 -9999 -9999 -9999 -9999 -9999 -9999 -9999 5.36626796827334 4.33032567661346 4.45696599583622 4.43060738209159 4.65963387205387 4.58119387491941 -9999 -9999 -9999 -9999 -9999 -9999 -9999 -9999 -9999 -9999 -9999 5.87520564263323 5.99348352654057 6.00417518427518 6.15331901366607 6.13447603305785 5.88268347107438 5.89052682140554 6.12361660353535 5.74832864617397 5.9232375974026 5.20206299715909 3.76699313893653 5.06447323232323 4.98369689578714 6.4502312778131 6.33617410071942 -9999 -9999 -9999 -9999
-9999 -9999 -9999 1.9607853499019 1.98247700922266 -9999 -9999 -9999 -9999 -9999 2.47077686520376 2.56328564263323 2.94246590909091 2.8630382072473 2.91051570247934 3.63326315789474 3.37233077441077 3.23458607350097 3.50885157575758 3.50334595267746 3.80137983354674 4.11318819987959 -9999 -9999 -9999 -9999 -9999 4.0674231884058 4.26168140495868 4.57522337662338 4.38068986013986 3.94641652892562 3.21056671438797 -9999 -9999 -9999 -9999 -9999 -9999 -9999 -9999 -9999 -9999 -9999 -9999 -9999 -9999 -9999 -9999 -9999 -9999 6.23064838516746 6.10588841354724 5.82791830808081 7.13838745454545 6.80003574938575 6.2589837148463 6.20502964426877 5.30075727272727 5.90890797202797 3.78299343009931 5.18141418732782 2.48848028887001 -9999 -9999
1.65957535082367 1.64300581323438 1.72734612568639 2.02306733333333 2.18775003010235 2.26335595823096 2.2990293062201 2.34871125827815 2.38268163756773 2.54766709346991 2.34801467084639 2.40971632522407 2.03367752525253 2.15797462393721 2.21939554990464 2.2271597876576 2.64940755244755 2.79020678092399 2.90255495251018 3.16524334545455 2.89615767045455 2.93220249826509 3.26307233201581 3.79437414004914 3.68570466830467 3.70063047743623 3.24500111034004 4.04099371155161 4.09333772418058 3.8379010936432 3.76534710743802 3.81447045454545 3.01832246431255 3.33120681818182 -9999 -9999 -9999 -9999 -9999 -9999 -9999 -9999 -9999 -9999 -9999 -9999 -9999 -9999 -9999 -9999 -9999 -9999 6.33663293310463 6.56391308353808 6.57828484848485 -9999 5.94436245330012 6.04882620689655 5.81468081550802 5.8578036910458 5.68277272727273 2.64336497080901 3.25060757575758 1.60650449760766 1.66112961876833
1.62017148194271 1.6375906019656 1.54423593366093 1.66499833024119 1.57291811912226 1.8109312039312 1.49680273972603 1.78029473354232 1.23593106605625 1.45973130601793 1.47028377525253 1.42147214285714 1.80883790012804 1.77766073781291 1.80894734848485 1.74022839262187 2.77190714733542 1.99568992805755 2.76532272727273 2.50670696748507 2.96845837662338 2.77264090909091 3.15335604970569 3.24941994949495 3.48654190535492 -9999 -9999 -9999 -9999 -9999 -9999 -9999 -9999 -9999 -9999 -9999 -9999 -9999 -9999 -9999 -9999 -9999 -9999 -9999 -9999 -9999 -9999 -9999 -9999 -9999 5.52430650210716 5.72766784624771 5.90213194103194 5.88082374768089 5.82031394769614 5.87307657828283 6.18821167929293 6.00292962492053 6.34703649167734 6.04707832167832 6.32789046408137 -9999 -9999 -9999 -9999
1.00678368794326 1.03834261766602 1.05661064935065 1.11024964539007 1.16876196002579 1.10943076416337 1.20724424666243 1.35384176732359 1.21526310935441 1.38360136363636 1.18564246848042 1.42263773708306 1.3809196002579 1.46197857596948 1.48663504611331 1.44457279511533 1.97649477756286 2.31760496453901 1.91021397058824 2.04625435203095 2.09629662337662 2.42844652777778 2.89306106583072 2.91618340750159 -9999 -9999 3.35808168642951 3.02790615174299 4.32636515151515 2.92330454545455 -9999 -9999 -9999 -9999 -9999 -9999 -9999 -9999 -9999 -9999 -9999 -9999 -9999 5.46160722114765 5.14192061923584 5.50075755395683 4.61806734955186 5.122328553137 5.14983143939394 5.55283504702194 5.35948734643735 5.07927809343434 5.27402526645768 5.3261800124533 -9999 5.5932889520202 5.38356949035813 4.55973282442748 4.89771923076923 4.94256117566644 4.86280611028316 5.13590577871741 6.07393958736299 -9999 -9999
0.910873687580026 0.993086013986014 1.0676913510101 1.07244189446917 1.1100500967118 1.171623815621 1.19104777562863 1.16535714285714 1.19217207792208 1.17333899868248 1.27746516211062 1.30130934699104 1.18489661579297 1.37903441558442 1.56133741007194 1.66118015364917 1.62544859625668 2.1408324137931 -9999 -9999 -9999 -9999 -9999 -9999 -9999 -9999 3.37143802256138 3.38576064844247 3.35111968606933 2.93214338842975 -9999 -9999 -9999 4.24554684804247 4.80304804292929 -9999 -9999 -9999 -9999 -9999 -9999 -9999 -9999 -9999 -9999 -9999 -9999 -9999 -9999 -9999 -9999 -9999 4.49608278529981 5.62214868247694 5.17951933514247 5.14986065029861 4.69697279461279 5.33987580314422 4.73186399147727 2.59497993730408 3.0117371833085 2.60379067990833 2.55770248640249 2.9796309541698 2.5808326953748
0.768623961038961 0.845710680228862 0.761622759509994 0.932170031347962 0.837902368758003 1.01321142676768 1.04936394769614 1.02416776859504 1.05266843790013 0.99286602521566 1.02832060170046 1.09417332448573 1.23505742637644 1.26992173913043 1.36905880077369 1.43197655844156 -9999 -9999 -9999 -9999 -9999 -9999 -9999 -9999 -9999 -9999 -9999 -9999 -9999 -9999 -9999 -9999 -9999 -9999 -9999 -9999 -9999 -9999 -9999 -9999 -9999 -9999 -9999 -9999 -9999 -9999 -9999 -9999 -9999 -9999 -9999 -9999 -9999 -9999 -9999 -9999 4.58293188602442 5.27696632996633 4.34041724386724 3.69080856060606 5.36086627981947 4.80899273989899 5.94274223871367 -9999 -9999
0.808720253164557 0.697696889952153 0.728738350391331 0.755866028708134 0.756613606261288 0.808460505719446 0.840373636363636 0.86605558968059 0.842420638820639 0.804085015673981 0.872777459526775 0.939903798256538 1.03919763387298 1.2091143030303 -9999 -9999 -9999 -9999 -9999 -9999 -9999 -9999 -9999 -9999 -9999 -9999 -9999 -9999 -9999 -9999 -9999 3.25240592885375 3.59855851851852 -9999 -9999 -9999 -9999 -9999 -9999 -9999 -9999 -9999 -9999 -9999 -9999 -9999 -9999 -9999 -9999 -9999 -9999 -9999 -9999 -9999 -9999 -9999 -9999 -9999 -9999 4.8641419729207 6.39082078830261 6.95421647727273 6.15191978233035 -9999 -9999
0.604555198693522 0.650961336254107 0.717207240065324 0.729270027548209 0.758402424242424 0.753249285305889 0.800441558441559 0.780986708860759 0.768970439882698 0.785671495601173 0.809989185977421 -9999 -9999 -9999 -9999 -9999 -9999 -9999 -9999 -9999 -9999 -9999 -9999 -9999 -9999 -9999 -9999 -9999 -9999 -9999 -9999 -9999 -9999 -9999 -9999 -9999 -9999 -9999 -9999 -9999 -9999 -9999 4.09157806738716 4.3354560296846 4.5003742733457 4.70784939393939 4.56698362391034 4.86771589403974 5.17201452104942 5.29293100541842 5.31630371318822 5.43505829624921 -9999 -9999 -9999 -9999 -9999 -9999 -9999 -9999 -9999 -9999 -9999 -9999 -9999
0.566137782448765 0.579660962566845 0.606259279182356 0.63526385026738 0.688291823561054 0.711716071428571 0.735674545454545 0.737299237887861 0.747887207403375 0.749359638554217 -9999 -9999 -9999 -9999 -9999 -9999 -9999 -9999 -9999 -9999 -9999 -9999 -9999 -9999 -9999 -9999 -9999 -9999 -9999 -9999 -9999 -9999 -9999 -9999 -9999 -9999 -9999 -9999 -9999 -9999 -9999 -9999 3.8250187012987 3.72555377720871 3.97226646191646 4.97309753160747 4.29938451410658 4.79342636965683 4.77917248645394 4.71759202226345 4.60754340758579 4.92496800472255 4.44943684848485 4.8250928030303 4.69838587223587 4.22441937304075 3.86979494949495 -9999 -9999 -9999 -9999 -9999 -9999 -9999 -9999
0.491871597329224 0.467478665265371 0.484845026737968 0.519495323173936 0.540979372674109 0.585880320855615 0.622933899233297 0.660856601731602 0.665392965367965 0.673810374331551 -9999 -9999 -9999 -9999 -9999 -9999 -9999 -9999 -9999 -9999 -9999 -9999 -9999 -9999 -9999 -9999 -9999 -9999 -9999 -9999 -9999 -9999 -9999 -9999 -9999 -9999 -9999 -9999 -9999 -9999 -9999 -9999 -9999 3.32095284457478 3.52914667052693 3.05690541842264 3.61283994134897 3.83337334839074 3.96213501683502 3.97073271604938 3.79838670454545 3.74577551589515 3.58710343822844 3.49826445747801 3.62799418872267 3.69284386363636 3.72296977272727 -9999 -9999 -9999 -9999 -9999 -9999 -9999 -9999
0.391398535353535 0.387382541322314 0.406132293868922 0.42689626904887 0.45372868338558 0.479588035527691 0.497693364681296 0.523107987388334 0.514847938689218 -9999 -9999 -9999 -9999 -9999 -9999 -9999 -9999 -9999 -9999 -9999 -9999 -9999 -9999 -9999 -9999 -9999 -9999 -9999 -9999 -9999 -9999 -9999 -9999 -9999 -9999 -9999 -9999 -9999 -9999 -9999 -9999 -9999 3.37243237934905 3.03112609427609 3.35997474142624 3.33914268774704 3.2557578713969 2.98901929726715 2.92047317899492 3.37533004899292 3.02593112947658 3.09177387732749 2.7554706744868 3.01709056386651 2.78132885630499 3.24987175528874 3.29893351924149 -9999 -9999 -9999 -9999 -9999 -9999 -9999 -9999
0.371373411534702 0.394794889434889 0.403542225534029 0.381098621041879 0.418311967128916 0.484750828729282 0.495155423553719 0.488549686520376 0.475805412506569 0.527246074380165 0.524606818181818 0.504022009569378 -9999 -9999 -9999 -9999 -9999 -9999 -9999 -9999 -9999 -9999 -9999 -9999 -9999 -9999 -9999 -9999 -9999 -9999 -9999 -9999 -9999 -9999 -9999 -9999 -9999 -9999 -9999 -9999 -9999 -9999 -9999 2.82377085399449 2.82620091447014 2.66671245989305 3.0370509835194 2.61165538204127 2.51017598204265 2.68774904601571 2.66901197063806 2.53447761363636 2.52763619318182 2.55314229249012 2.5083504398827 2.65650403409091 2.89501355270496 3.01132479338843 3.00718038567493 3.48889800968263 3.59063951871658 -9999 -9999 -9999 4.15397919075145
0.275948304668305 0.30015199017199 0.310672727272727 0.339552186732187 0.348025136612022 0.384414575098814 0.40081797979798 0.4089406297613 0.482608018386108 0.561526924987581 0.50639015984016 0.489565363128492 0.53952652757079 -9999 -9999 -9999 -9999 -9999 -9999 -9999 -9999 -9999 -9999 -9999 -9999 -9999 -9999 -9999 -9999 -9999 -9999 -9999 -9999 -9999 -9999 -9999 -9999 -9999 -9999 -9999 -9999 -9999 -9999 -9999 2.54492296650718 2.31483003246753 2.39837732749179 2.18233120842572 2.34013231707317 2.42836194882961 2.23509781144781 2.28325781596452 2.21289201773836 2.20018586474501 2.20625864745011 2.10352631281762 2.16936026300743 2.1864034368071 2.74394326203209 2.55339373979314 2.74000441097364 2.59903127053669 2.60638029395754 2.49305403726708 2.70217954545455
0.31004684281236 0.273517393320965 0.242807543520309 0.260589177489177 0.282532419432419 0.297656353861193 0.32968051948052 0.356884719535783 0.397153384912959 0.407457641277641 0.416485770750988 0.467953965183752 0.54852009569378 0.486162323772484 -9999 0.562041348973607 0.59080587944664 0.630100687960688 -9999 -9999 -9999 -9999 -9999 -9999 -9999 -9999 -9999 -9999 -9999 -9999 -9999 -9999 -9999 -9999 -9999 -9999 -9999 -9999 -9999 -9999 -9999 -9999 -9999 -9999 2.55452835743802 1.98636369047619 2.17617684491979 2.16012061688312 2.09763821448013 2.08807909090909 1.87341203048449 1.85985627440045 1.87565125488009 1.8724544896821 1.92274804407713 1.84892027548209 1.83013138006572 1.58400385674931 1.77026462212486 1.67892787513691 1.71957090909091 1.75570022172949 2.36611108122647 2.00548533549784 2.14125106151334
0.35179497716895 0.340648810535259 0.276106461675579 0.221716428241809 0.274621151210598 0.346313436807095 0.339502238465053 0.365028140703518 0.41362184531886 0.47014104410441 0.496221363636364 0.497965059687787 0.535551655011655 0.601854730041532 0.614812773892774 0.728218874019382 0.649490536130536 0.617315388257576 0.680655502392345 0.761388100904331 0.761122847522848 0.840659638267492 0.906483704061895 -9999 -9999 -9999 -9999 -9999 -9999 -9999 -9999 -9999 -9999 -9999 -9999 -9999 -9999 -9999 -9999 -9999 -9999 -9999 -9999 -9999 2.14159974747475 1.86237026194145 1.57584174287251 1.62878620320856 1.52317681001633 1.47821101604278 1.44744289602613 1.42960626385809 1.49650777656079 1.48152363636364 1.4860626446281 1.54617418831169 1.361470625 1.36138588368154 1.15479815880322 1.47750531632111 1.44021595092025 1.43184935064935 1.30365598669623 1.50350715077605 1.40428371444506
0.298490949316171 0.327806828282828 0.321115479115479 0.302759282970551 0.371801717637201 0.412419427148194 0.368361869883671 0.384712194055944 0.453066680960549 0.498721585523481 0.479667768595041 0.48806139657444 0.454227182270466 0.52725935828877 0.642402722880984 0.698030769230769 0.633819167039857 0.551775164011246 0.563382528409091 0.637414731934732 0.679859693877551 0.799340839870789 0.848610789715335 0.858592764378479 0.887959943181818 1.02600582750583 -9999 -9999 -9999 -9999 -9999 -9999 -9999 -9999 -9999 -9999 -9999 -9999 -9999 -9999 -9999 -9999 -9999 1.76936220355731 1.18667584566596 1.41303223140496 1.31989825372368 1.37128664296597 1.40360837988827 1.35237770441849 1.25399117336152 1.27177024312896 1.0662104852203 1.10592027548209 1.28556894377299 1.16166396103896 1.03564051627385 1.02580303030303 1.08809184008762 1.14778501082251 1.0400456218628 1.08619157836029 0.903605385060799 0.966615511363636 1.12177243958573
0.243131035940803 0.256994782608696 0.30554804040404 0.358887786561265 0.406132539992197 0.40861762604208 0.416906487785342 0.463787973909499 0.526016242424242 0.522847215397215 0.560067355371901 0.587308223140496 0.615764092984641 0.614906976744186 0.634489936575053 0.579399955654102 0.558790017825312 0.579585356023287 0.68813125 0.667770811051693 0.763824857268335 0.808636539306105 0.798142602495544 0.718239607126542 0.771941000918274 0.697944102564103 0.727461165501166 0.716974621212121 -9999 -9999 -9999 -9999 -9999 -9999 -9999 -9999 -9999 -9999 -9999 -9999 -9999 -9999 -9999 1.35362365645404 1.11130454545455 1.11444202682563 1.0919348989899 1.11905946760422 1.11055898876405 1.1660780599289 1.16173261427838 1.16783461736004 1.15504727272727 1.14063770661157 0.999013957219251 0.995929197860963 0.977264604626143 0.970192803030303 0.960303354978355 0.899104462809917 0.892242038567493 0.960640106951872 0.818490568181818 0.969289893048128 0.962981925766541
0.252156338028169 0.305783781476739 0.371003791469194 0.399755987762238 0.398169082719083 0.408403137570394 0.430564787614133 0.496698907530238 0.54469356223176 0.559911462450593 0.567105098814229 0.538739621882542 0.597225270324389 0.591913555913113 0.699044573488186 0.593367466329966 0.630915566625156 0.660014376321353 0.699792424242424 0.726894968287526 0.717004739336493 0.662873395721925 0.730470697263901 0.755534235033259 0.775153259423503 0.690118772727273 0.718822318181818 0.702582136363636 0.737572087711284 0.823957620985979 0.992979095300834 1.09404097433667 1.16295546328671 -9999 -9999 -9999 -9999 -9999 -9999 1.75690890249647 1.33162641888498 1.14569119922631 1.01385742913001 0.951291852955787 1.08770155440415 1.05182832535885 1.2014230805464 1.1432346025702 1.10010736166008 1.12582587040619 1.10884471343874 1.13113448616601 1.14185891891892 1.07998980411853 0.951259039836568 0.903898223615465 0.894575272727273 0.920030010330579 0.915724550590652 0.903516795069337 0.860236779220779 0.877071384297521 0.866948760330578 0.831425853914871 0.855932601880878
0.262791222570533 -9999 -9999 0.349961656165617 0.358267450110865 0.386063766855154 0.40425988323603 0.434108966942149 0.46715515970516 0.490898863636364 0.528199439327193 0.540912679425837 0.539705438311688 0.576223562984101 0.516783080808081 0.495688186007541 0.568273576890399 0.521858061749571 0.528340370529944 0.574118907383696 0.560031535450196 0.614430102915952 0.625727615780446 0.690999402475459 0.734651614273577 0.71561372212693 0.782510110450297 0.752374967686342 0.750904915180513 0.818950152240104 1.01996807410599 0.925127491258741 1.1150217502124 1.09737613097803 -9999 -9999 -9999 -9999 -9999 -9999 1.23068053215078 1.16635357927097 0.9985703125 0.978091238813001 1.16977928539123 0.981036035613871 0.985920028409091 1.01270542598762 1.00114878629224 1.04444969062351 1.05238648262732 1.01686728245017 0.997364997569276 1.00181745260088 0.953545749385749 0.950794069032572 0.925513757899854 0.911969421487603 0.778582890704801 0.826589269746647 0.761006500761808 0.757671515151515 0.764889747474747 0.758089696969697 0.852553955773956
0.177881488459727 0.196731265031265 -9999 -9999 -9999 0.318980026869682 0.368073262032086 0.396431265930331 0.414542727272727 0.463085708435708 0.517253341635533 0.533412392988178 0.539144196428571 0.548455189058729 0.539310695187166 0.523770809007506 0.563827895392279 0.557705697528278 0.505314708404803 0.473329047619048 0.550780110968843 0.597461860465116 0.589941418861512 0.595606560891938 0.555514441061331 0.587699565028273 0.603616876903001 0.594385595081247 0.585836098852604 0.634854458041958 0.796602506372133 0.891898139534884 1.06434578214578 1.1438985731757 -9999 -9999 -9999 -9999 -9999 -9999 0.989493733451015 0.954127449249779 0.911647593582888 0.922388725490196 0.991673525498891 1.00431410658307 0.990079099821747 0.940619704660821 0.968085399449036 0.895556947715497 0.872294383626844 0.826592940038685 0.818922043010753 0.831231453573165 0.788603861192571 0.792779618768328 0.772243753038406 0.762503992303992 0.764931334622824 0.694284127764128 0.731164207520228 0.717002453102453 0.709495647969052 0.691981964025279 0.729138308215848
