birds/birdsinm-cm3.0_run1bwd.asc
NCOLS 255 
NROWS 267 
XLLCORNER -16100344 
YLLCORNER -6047616 
CELLSIZE 50000 
NODATA_value -9999 
[rows 0 to 28 of 267, columns 130 to 194 of 255]
-9999 -9999 -9999 -9999 -9999 -9999 -9999 -9999 -9999 -9999 -9999 -9999 -9999 -9999 -9999 -9999 -9999 -9999 -9999 -9999 -9999 -9999 1.82310151515152 -9999 -9999 1.85845608628659 1.90590626959248 1.90416332819723 0.0159489633173844 1.92677889060092 0.00797448165869219 0.144242424242424 0.136806220095694 0.129438118022329 0.24127750385208 0.253445454545455 0.209113636363636 0.228113405238829 0.361226832844575 0.244353636363636 2.12454803030303 2.22361400894188 2.12748505392912 2.24232503725782 2.20114113263785 0.226794090909091 2.23215621212121 2.27418181818182 2.34396070381232 2.33206409090909 2.3522193006993 2.40016187683284 2.3984103030303 2.44076862170088 2.50301260997067 2.50365692995529 2.54710461760462 2.5624152958153 2.59079105339105 2.62171919191919 2.57829668109668 2.834334914361 2.89043096590909 2.92901017639077 2.89197313432836
-9999 -9999 -9999 -9999 -9999 -9999 -9999 -9999 -9999 -9999 -9999 1.63314572192513 1.65119435261708 1.62955606060606 1.75680533910534 1.65859612299465 1.66906594301221 1.68179504132231 1.67641763907734 1.72847826704545 0.0337803827751196 0.0192521531100479 1.17761326378539 1.77481314685315 -9999 1.85723467532468 1.79646189839572 1.18194329004329 2.01510545454545 1.82347075098814 1.95894722222222 1.86799449423816 0.0417120184899846 1.92253025568182 1.95584545454545 1.32787734724292 2.03372286931818 1.26535651515152 0.129827727272727 0.130775757575758 2.07990968703428 2.09592554112554 2.11318095238095 2.19181471861472 2.17749232954545 2.24120298701299 2.26993982074264 -9999 -9999 -9999 -9999 -9999 -9999 -9999 -9999 -9999 -9999 -9999 -9999 -9999 -9999 -9999 -9999 -9999 -9999
-9999 -9999 -9999 -9999 -9999 -9999 -9999 1.68674161931818 1.67096404958678 -9999 -9999 -9999 -9999 -9999 -9999 -9999 -9999 -9999 -9999 -9999 -9999 -9999 -9999 1.88917115151515 1.9503702366127 1.82767119078105 1.79872926525529 1.86994060606061 1.88427770859278 1.87968295454545 1.79166275252525 1.79510416666667 1.87790964187328 1.85715922077922 1.89956783216783 1.90309705882353 1.94544242424242 1.95730027972028 1.96890825174825 1.27408093841642 2.05536695526696 2.08650727272727 -9999 -9999 -9999 -9999 -9999 -9999 -9999 -9999 -9999 -9999 -9999 -9999 -9999 -9999 -9999 -9999 -9999 -9999 -9999 -9999 -9999 -9999 -9999
2.80244772727273 2.86754986631016 2.88077673796791 -9999 -9999 -9999 -9999 -9999 4.24143207070707 3.71548948051948 3.68247938540333 -9999 -9999 -9999 1.73606021080369 1.76607272727273 1.75289597402597 1.78298550724638 1.81470830039526 1.81853376623377 -9999 -9999 -9999 -9999 -9999 -9999 -9999 1.96399348894349 1.96348320707071 1.89528480519481 1.30916885026738 0.246218732782369 0.207822140762463 0.11414172876304 0.154694660894661 1.88990540184453 1.91268234519104 2.00005303030303 -9999 -9999 -9999 -9999 -9999 -9999 -9999 -9999 -9999 -9999 -9999 -9999 -9999 -9999 -9999 -9999 -9999 -9999 -9999 -9999 -9999 -9999 -9999 -9999 -9999 -9999 -9999
-9999 -9999 -9999 -9999 -9999 -9999 -9999 -9999 -9999 -9999 -9999 -9999 -9999 -9999 -9999 -9999 -9999 -9999 -9999 -9999 -9999 -9999 -9999 -9999 5.17799024390244 5.21847483370288 -9999 -9999 -9999 -9999 -9999 -9999 -9999 -9999 -9999 -9999 -9999 -9999 -9999 -9999 -9999 -9999 -9999 -9999 -9999 -9999 -9999 -9999 -9999 -9999 -9999 -9999 -9999 -9999 -9999 -9999 -9999 -9999 -9999 -9999 -9999 -9999 -9999 -9999 -9999
1.4339627140975 1.42575441370224 1.31077061021171 1.5152512516469 1.35467398989899 -9999 -9999 -9999 -9999 -9999 -9999 -9999 -9999 -9999 -9999 -9999 -9999 -9999 -9999 -9999 5.75081171717172 4.83176557575758 5.76431654749745 5.73941540106952 6.03810146627566 4.35571724941725 -9999 -9999 2.0958826446281 4.50254133333333 4.50205042424242 3.64540184453228 0.306667435549525 0.306935006784261 1.31698272727273 2.59675211267606 1.9112938961039 -9999 5.15544880382775 3.47893939393939 5.16150862470862 4.42638727272727 4.88404772727273 4.48665914994097 3.57396670761671 -9999 -9999 -9999 -9999 -9999 -9999 -9999 -9999 -9999 -9999 -9999 -9999 -9999 -9999 -9999 -9999 -9999 -9999 -9999 -9999
-9999 1.30736339066339 1.31585995085995 -9999 -9999 -9999 -9999 -9999 2.30412411616162 2.00226861768369 -9999 -9999 -9999 -9999 -9999 -9999 -9999 -9999 -9999 5.58237902097902 5.76334440961337 4.65202965367965 5.92329164054336 5.76348684719536 5.8978761485826 5.88896187683284 -9999 6.38431011131725 6.41480427272727 5.95038987816307 4.173304784689 5.98119364731654 4.52612868117798 4.42511419676214 4.42274669987547 2.70829482323232 2.65460280748663 2.79104191919192 1.29693252240717 0.29347025974026 0.283173896103896 0.238498155467721 0.216428458498024 0.236023847167325 0.209325064935065 0.167419104084321 0.214704545454545 3.59874333748443 0.156873134328358 -9999 -9999 -9999 -9999 -9999 -9999 -9999 -9999 -9999 -9999 -9999 -9999 -9999 -9999 -9999 -9999
-9999 -9999 -9999 -9999 -9999 -9999 1.51299579545455 1.32318857493858 1.72394327272727 0.988651515151515 0.998625955204216 0.999710779220779 -9999 -9999 -9999 -9999 -9999 -9999 -9999 -9999 -9999 -9999 5.54451460055096 5.59276990909091 5.75247254174397 5.01581237677985 3.48265074798619 3.24921755915318 5.83769772727273 4.11973022432113 4.20212016317016 4.15282361275089 4.11344347319347 5.05009839572193 4.02328113636364 4.92155892661555 4.17279289044289 4.99240355276907 5.90273036963037 5.38567648221344 5.41007387559809 4.32718962703963 5.14949704271632 2.03785427807487 2.73124135723432 2.01203333333333 2.07224759358289 2.77067119078105 0.170543873517787 0.126493351424695 0.146199050203528 1.28866377005348 0.103896103896104 0.11873974025974 0.108941501976285 0.0699881542699725 -9999 -9999 -9999 -9999 -9999 -9999 -9999 -9999 -9999
-9999 -9999 1.86437334710744 1.54655339602926 1.57448871473354 1.60895517241379 -9999 -9999 -9999 -9999 2.05619173553719 2.16557434343434 2.13558667355372 2.84054021390374 3.02725245559039 3.69603414141414 3.77416763236763 -9999 -9999 -9999 -9999 -9999 -9999 -9999 -9999 -9999 -9999 -9999 5.7524560296846 3.50628086124402 3.5536025974026 4.71095654101996 5.09463655913978 5.89685500459137 -9999 -9999 -9999 -9999 -9999 -9999 -9999 -9999 -9999 -9999 -9999 5.57396586073501 5.93294442361762 5.93157502295684 6.70346568627451 5.56244288537549 5.28145554323725 5.29891066217733 4.54391244019139 3.62419434889435 2.80278042929293 1.25670320855615 0.0527009222661397 2.04879920948617 2.05455233766234 4.78808170454545 4.91269277389277 -9999 -9999 -9999 -9999
-9999 -9999 -9999 1.77379368421053 2.11849597000937 -9999 -9999 -9999 -9999 -9999 3.32278131868132 3.46838232323232 3.64380589410589 4.07193320158103 4.68982668621701 4.09874320735444 4.27209782608696 4.32684981060606 4.32286831955923 4.38633645546373 5.00991907308378 5.26218085664336 -9999 -9999 -9999 -9999 -9999 4.47907314049587 3.4384034965035 4.43320951871658 4.52616175548589 4.69979229946524 2.8642402241594 -9999 -9999 -9999 -9999 -9999 -9999 -9999 -9999 -9999 -9999 -9999 -9999 -9999 -9999 -9999 -9999 -9999 -9999 7.44847320997587 7.03791900826446 5.39595454545455 5.75550172248804 5.68154525904203 3.62620417690418 4.74360501165501 2.05082467532468 2.06762445582586 2.08418569518717 2.92393885429639 1.2521325974026 -9999 -9999
2.5016621671258 2.53676590909091 2.61101233123312 3.27267432052484 3.79092736644798 2.94483153988868 2.94226237911025 2.99276954076851 3.40187536363636 2.41594545454545 2.6546696969697 2.714100999001 2.89760061287028 3.44135414585415 3.49213466533467 3.55296575757576 2.92929292929293 2.24675017709563 3.74530565656566 2.33484002361275 3.01973512906846 3.30195686868687 4.19416688995215 5.16861117597998 5.04568409090909 4.28542381818182 3.65148515151515 3.64309545454545 4.62257401285583 4.6434749516441 3.7145394984326 3.51225546605293 2.00122084848485 4.47055622895623 -9999 -9999 -9999 -9999 -9999 -9999 -9999 -9999 -9999 -9999 -9999 -9999 -9999 -9999 -9999 -9999 -9999 -9999 7.4359347826087 8.01501124401914 7.49843333333333 -9999 6.28903528352835 5.6374581369248 3.87816028708134 2.85399889434889 2.81758230958231 1.26724064171123 1.29478429752066 0.0068870523415978 0.0137741046831956
3.33045438165438 3.33691214802896 3.35807878787879 3.39396076986077 2.80960117845118 3.4643018018018 3.15779214876033 2.64558545454545 2.81513524871355 2.80537109295199 2.83842282828283 2.58136663101604 2.62593953997809 2.73316513368984 3.04168941058941 3.07671544477028 3.80148361742424 2.82776407447974 3.05361899897855 2.86946096256685 3.45718488142292 3.10745276907001 3.55519474747475 4.4253696669667 4.53740515734266 -9999 -9999 -9999 -9999 -9999 -9999 -9999 -9999 -9999 -9999 -9999 -9999 -9999 -9999 -9999 -9999 -9999 -9999 -9999 -9999 -9999 -9999 -9999 -9999 -9999 5.92571125541126 5.95437541125541 6.00802838765009 5.96012019230769 7.10840345117845 7.16876557239057 7.23917595581988 6.20652753246753 6.2939905560459 5.53363262032086 6.28464795008913 -9999 -9999 -9999 -9999
3.86775607401448 3.36540581490581 3.19382752066116 3.23414753961635 2.81666330275229 3.34492441077441 3.38960580808081 2.88872973661852 3.25918105352591 3.32035264069264 3.36171809440559 3.43107272727273 3.49006489361702 2.95718912839738 2.8460401010101 2.86641358529111 2.95697373737374 3.69668899521531 2.96374124168514 3.26956032085562 3.21420888888889 3.32629417773238 5.33798547077922 5.40672840909091 -9999 -9999 4.81795826446281 4.36133336113428 5.80520016233766 1.82288514412417 -9999 -9999 -9999 -9999 -9999 -9999 -9999 -9999 -9999 -9999 -9999 -9999 -9999 3.98103569023569 5.70968294177732 6.4769878458498 6.2820641049672 6.46280874125874 6.14537359307359 6.19106310679612 6.25739272727273 5.54726084710744 5.45668818181818 5.54200529470529 -9999 5.67914141414141 3.95896151930262 2.21838466757123 1.28110307486631 2.21599769335142 1.27915695187166 1.301325 6.09843766233766 -9999 -9999
2.19402682193839 1.88313983050847 2.64772885048835 2.34774059561129 2.73036630094044 2.4336438366718 2.84142490450726 2.88557326203209 2.82621689460982 2.83058280991736 3.39234253544621 3.45770433694746 3.53907830188679 3.53688018867925 3.61562432659933 3.64332701784197 3.58954233766234 3.87995632965166 -9999 -9999 -9999 -9999 -9999 -9999 -9999 -9999 4.75717909090909 4.83646743801653 4.32749022939677 4.04675036363636 -9999 -9999 -9999 4.90309119025305 5.39339192863212 -9999 -9999 -9999 -9999 -9999 -9999 -9999 -9999 -9999 -9999 -9999 -9999 -9999 -9999 -9999 -9999 -9999 5.74346623376623 3.76724521212121 2.80531257783313 5.10729693181818 4.6901325 3.92787858851675 2.20792868117798 0.0334224598930481 0.033921302578019 0.0317187327823691 0.0307998622589532 0.0376584615384615 0.0068870523415978
0.982708842975207 0.964899579124579 0.981766363636364 1.03519847068819 1.04579899916597 1.11505379482902 1.06146482582838 0.806278847884789 0.753284878487849 0.720802363636364 0.789094474153298 0.879219913419913 2.23800400333611 2.32178173477898 2.43352412914189 2.94278852603707 -9999 -9999 -9999 -9999 -9999 -9999 -9999 -9999 -9999 -9999 -9999 -9999 -9999 -9999 -9999 -9999 -9999 -9999 -9999 -9999 -9999 -9999 -9999 -9999 -9999 -9999 -9999 -9999 -9999 -9999 -9999 -9999 -9999 -9999 -9999 -9999 -9999 -9999 -9999 -9999 2.8819452020202 1.30256993006993 0.0135685210312076 0.0217787878787879 6.95755214211076 8.01533765008576 6.89316943907157 -9999 -9999
0.682624103419516 1.15867037878788 1.0344999229584 1.00822460815047 0.844579504132231 0.868242952460384 0.796470192307692 0.823174545454545 0.816054458874459 0.812328301886792 0.836780723905724 0.87158006993007 0.919896078431373 1.4721432034632 -9999 -9999 -9999 -9999 -9999 -9999 -9999 -9999 -9999 -9999 -9999 -9999 -9999 -9999 -9999 -9999 -9999 4.72687988215488 5.7869023352794 -9999 -9999 -9999 -9999 -9999 -9999 -9999 -9999 -9999 -9999 -9999 -9999 -9999 -9999 -9999 -9999 -9999 -9999 -9999 -9999 -9999 -9999 -9999 -9999 -9999 -9999 3.87452558922559 3.02319102870813 2.41151466666667 0.121360160427807 -9999 -9999
0.699326893939394 0.756614350112697 0.777062852664577 0.806895611285266 0.890515731225296 0.792902922077922 0.998062371541502 1.0149329153605 1.00088664521319 0.96586737012987 1.03126478296478 -9999 -9999 -9999 -9999 -9999 -9999 -9999 -9999 -9999 -9999 -9999 -9999 -9999 -9999 -9999 -9999 -9999 -9999 -9999 -9999 -9999 -9999 -9999 -9999 -9999 -9999 -9999 -9999 -9999 -9999 -9999 6.80012945454545 6.26218535353535 6.31579161616162 6.37396181818182 6.05383036963037 5.96919196617336 6.1829003996004 6.73466353065539 3.88736004489338 3.07112600690449 -9999 -9999 -9999 -9999 -9999 -9999 -9999 -9999 -9999 -9999 -9999 -9999 -9999
0.46313828125 0.473337779433681 0.495560378787879 0.518721412471826 0.424407627118644 0.447006034482759 0.463823232323232 0.647745376175549 0.597154861660079 0.615110893416928 -9999 -9999 -9999 -9999 -9999 -9999 -9999 -9999 -9999 -9999 -9999 -9999 -9999 -9999 -9999 -9999 -9999 -9999 -9999 -9999 -9999 -9999 -9999 -9999 -9999 -9999 -9999 -9999 -9999 -9999 -9999 -9999 6.94507741330834 6.51908987816307 6.68155511363636 7.00942708528585 7.24330871985158 7.2387662475822 7.21763377990431 6.74309368421053 6.11689863147605 6.34198087121212 6.4378981427175 6.12406784688995 6.7626865530303 7.11056744868035 7.05798656565657 -9999 -9999 -9999 -9999 -9999 -9999 -9999 -9999
0.41885487483531 0.407552494873548 0.430789300699301 0.462841490088858 0.52458326446281 0.537938636363636 0.885876539589443 0.912881300813008 1.01729868035191 0.690663636363636 -9999 -9999 -9999 -9999 -9999 -9999 -9999 -9999 -9999 -9999 -9999 -9999 -9999 -9999 -9999 -9999 -9999 -9999 -9999 -9999 -9999 -9999 -9999 -9999 -9999 -9999 -9999 -9999 -9999 -9999 -9999 -9999 -9999 5.68285666372462 5.57715741626794 5.46138152173913 5.50753962450593 5.75370325358852 5.68044690522244 5.89506775119617 6.04353068181818 5.93348210526316 6.64729845454545 6.4367305785124 6.11568236363636 6.13755535553555 5.50169119922631 -9999 -9999 -9999 -9999 -9999 -9999 -9999 -9999
0.381739946914399 0.422469954867827 0.362539505347594 0.504652452583388 0.38404131614654 0.418952510176391 0.412969628099174 0.43669476584022 0.520246001367054 -9999 -9999 -9999 -9999 -9999 -9999 -9999 -9999 -9999 -9999 -9999 -9999 -9999 -9999 -9999 -9999 -9999 -9999 -9999 -9999 -9999 -9999 -9999 -9999 -9999 -9999 -9999 -9999 -9999 -9999 -9999 -9999 -9999 5.94297131509267 5.19249717563989 4.95090790909091 5.06054419441944 5.54425060918463 5.59816363636364 5.77204738292011 5.72128766233766 5.78369504132231 5.84035463917526 6.10310827272727 6.44984601113173 6.43903250688705 6.52017392102847 6.57495222816399 -9999 -9999 -9999 -9999 -9999 -9999 -9999 -9999
0.305652825552826 0.355394203782794 0.440369820655535 0.458325675675676 0.445844174135723 0.502512664576802 0.504711725955204 0.598533693579148 0.61299590268886 0.614185194805195 0.627477072192513 0.578962143826323 -9999 -9999 -9999 -9999 -9999 -9999 -9999 -9999 -9999 -9999 -9999 -9999 -9999 -9999 -9999 -9999 -9999 -9999 -9999 -9999 -9999 -9999 -9999 -9999 -9999 -9999 -9999 -9999 -9999 -9999 -9999 4.64789779346867 5.07915104895105 5.29114779220779 4.37034686672551 4.71066225108225 4.25630283018868 4.14869144914491 4.19371141001855 4.40835454545455 3.46154145454545 3.09820495867769 2.98398181818182 3.09578865886589 3.55292032590051 4.13641622769754 4.37430424808836 5.48952765793528 5.24352199675325 -9999 -9999 -9999 5.4552123885918
0.334311672278339 0.355151244933411 0.350095808736718 0.364702990430622 0.38221550802139 0.341791519219036 0.372736485661989 0.406378484848485 0.374039923712651 0.401140501567398 0.663027891156463 0.563989843260188 0.758136302623551 -9999 -9999 -9999 -9999 -9999 -9999 -9999 -9999 -9999 -9999 -9999 -9999 -9999 -9999 -9999 -9999 -9999 -9999 -9999 -9999 -9999 -9999 -9999 -9999 -9999 -9999 -9999 -9999 -9999 -9999 -9999 2.94780454545455 2.99738548790659 2.69460247933884 3.12655402597403 2.58476227697536 2.82107770979021 2.64254692640693 2.94977929292929 2.77457077315208 2.27709711129991 2.37319948051948 2.1576096969697 2.36438507089241 2.20992876033058 4.69744750733138 3.39775408320493 4.96362959830867 5.57602494545455 5.05785528455285 4.36942984848485 4.84407272727273
0.3868164453524 0.361576501860712 0.341792128603104 0.353115095398429 0.354396022727273 0.366422119281992 0.383519824046921 0.404159413489736 0.401865384615385 0.443580165289256 0.429873630343167 0.461630824804335 0.49364019138756 0.491365939393939 -9999 0.645929139072848 0.661460951799878 0.692811486486487 -9999 -9999 -9999 -9999 -9999 -9999 -9999 -9999 -9999 -9999 -9999 -9999 -9999 -9999 -9999 -9999 -9999 -9999 -9999 -9999 -9999 -9999 -9999 -9999 -9999 -9999 2.68646168294515 2.74033520801233 2.94706841294299 2.75662773109244 2.71471895881896 1.93961371610845 1.83276520661157 1.8602838474026 1.86692027353178 2.02159098954143 2.05438149920255 2.06980462662338 1.74379099173554 1.80020669421488 2.59948450592885 1.90347137161085 2.92187064714946 2.78283150470219 3.78496642228739 3.67267660208644 2.95291255028158
0.358606966403162 0.325372262396694 0.305787388334209 0.285940010887316 0.324692261904762 0.372363636363636 0.349917634173056 0.364280021774633 0.390283085399449 0.393702885138813 0.387823059866962 0.427664365881033 0.406232368268674 0.429327446438911 0.459894193548387 0.487976187683284 0.504791866028708 0.496104666666667 0.515152504638219 0.630779975429975 0.777661333333333 0.776700982800983 0.946903586889301 -9999 -9999 -9999 -9999 -9999 -9999 -9999 -9999 -9999 -9999 -9999 -9999 -9999 -9999 -9999 -9999 -9999 -9999 -9999 -9999 -9999 1.82701011730205 2.17599120234604 2.07478742424242 2.07731159090909 2.27252910618793 2.15752548435171 2.17293574730354 2.06375217723453 2.12885611285266 2.12690647149461 2.15857904468413 2.19431695951108 1.65962597402597 1.67233073209976 1.63074545454545 2.18000409090909 1.66442560467056 1.69603247933884 2.50594954545455 2.29665594405594 2.60864430863254
0.237025494071146 0.26050662055336 0.262838712972421 0.267981922675026 0.321134285714286 0.315280103896104 0.307522093023256 0.33060021019443 0.374974137931034 0.40724119810825 0.428049343142407 0.455801797040169 0.402304681545999 0.403343154435926 0.410890576496674 0.42669051868377 0.381832517482517 0.3550870215311 0.406238277511962 0.478739772727273 0.515110586124402 0.546600897129187 0.634761616161616 0.646926283240569 0.805265233415233 0.815672353673724 -9999 -9999 -9999 -9999 -9999 -9999 -9999 -9999 -9999 -9999 -9999 -9999 -9999 -9999 -9999 -9999 -9999 1.82499055397727 1.70566977466977 2.02915225424982 2.01561626420455 2.07881188260558 2.13577653958944 2.0821494365139 2.10345939393939 1.73240885978428 1.35495275974026 0.928428802039082 1.64940068754775 1.72498687747036 1.05516008264463 1.10487814845705 1.61941953748006 1.68630285053929 1.32408600160901 0.989770434070434 1.32987467532468 1.31913837489944 1.73595169960474
0.214059344716198 0.233966094619666 0.247152540792541 0.327820258421781 0.336029345266133 0.306748452088452 0.303535509794073 0.332856069070594 0.378981565656566 0.393523084780388 0.411413993871297 0.384385350649351 0.405302909090909 0.42068578892372 0.418946511627907 0.417327432216906 0.399494229722373 0.444842857142857 0.470527327491785 0.491042865013774 0.559606939214632 0.443205293440737 0.495877015437393 0.505428104575163 0.493489584587598 0.435544639498433 0.45644476010101 0.651350031347962 -9999 -9999 -9999 -9999 -9999 -9999 -9999 -9999 -9999 -9999 -9999 -9999 -9999 -9999 -9999 1.43627008797654 1.00364941348974 1.2719458240946 0.447713636363636 1.03131840354767 0.36110852775543 0.433056661442006 0.446527348484848 0.44886974789916 0.442477234530176 0.436278227654698 0.687503840125392 0.377162599681021 0.303688697788698 0.293918760330579 0.248733249158249 0.235064655904843 0.231211639762107 0.263996997497915 0.192569902912621 0.751548672566372 0.706415789473684
0.172150066518847 0.200206045895852 0.258990384615385 0.310598557692308 0.31286078697422 0.354480762167126 0.357620018841262 0.368781913875598 0.415199326599327 0.427239603481625 0.430852432432432 0.375233367191468 0.404517572371762 0.33906957435628 0.448144591163027 0.344917653276956 0.389193956910142 0.395807486631016 0.409419670388091 0.421817005347594 0.417847486631016 0.436220172135557 0.47451256684492 0.548918777056277 0.507513998884551 0.454836363636364 0.453065340909091 0.428929344073648 0.540691681521093 0.836187131050767 0.967289032258065 1.09713815865663 1.27015318181818 -9999 -9999 -9999 -9999 -9999 -9999 1.51677495361781 1.23857194805195 0.863390841248304 0.752043664996421 0.676255539772727 0.936789449236895 0.808789521165857 1.14134525547445 0.656479220779221 0.442662058602554 0.424153725782414 0.427318332081142 0.421273181818182 0.447798360655738 0.438436589030804 0.546604252199413 0.317571778656127 0.32335162055336 0.363955701078582 0.327196003134796 0.351739599383667 0.286313122529644 0.348109784283513 0.295235415019763 0.259967095736122 0.689935676088617
0.244130039525692 -9999 -9999 0.299602450980392 0.304329127091814 0.305096939693969 0.308717949907236 0.325788857808858 0.365698359887535 0.370180871212121 0.384048976677772 0.393988038277512 0.32418453038674 0.346988522092433 0.322786208677686 0.311354545454545 0.333016519480519 0.345748415584416 0.351170898641588 0.360276797040169 0.407738140020899 0.430992485549133 0.452398181818182 0.447031818181818 0.43176834038055 0.438535200845666 0.459612420718816 0.475726042780749 0.48722721987315 0.627918842975207 0.736846878422782 0.791779822616408 0.988572348484848 1.22677759358289 -9999 -9999 -9999 -9999 -9999 -9999 1.38171459034792 1.1519084004603 0.617053461770018 0.675288199879591 0.838278349282297 0.563566818181818 0.696008343711083 0.515019490358127 0.635893896103896 0.483942956280361 0.451667358625626 0.486534265734266 0.463827556818182 0.430810997067449 0.424267110125647 0.360418482344102 0.323262208865515 0.319518181818182 0.43710670995671 0.453270707070707 0.381829955290611 0.382475454545455 0.341928315946349 0.301544308632544 0.334949511645379
0.22153977827051 0.197412472551603 -9999 -9999 -9999 0.263815944055944 0.293711616161616 0.310818652849741 0.319794253414979 0.329872727272727 0.353545407442299 0.338797001934236 0.33334987974988 0.322162952101662 0.360196725317693 0.355429408842524 0.37077303030303 0.366320404040404 0.295190909090909 0.275200792811839 0.31076802507837 0.354775878099174 0.353604338842975 0.364726701298701 0.368370613107822 0.417570152390962 0.400987722048067 0.417984952978056 0.437990077922078 0.484057370313302 0.558028498467824 0.567879712378017 0.770537727272727 0.916490511674118 -9999 -9999 -9999 -9999 -9999 -9999 1.29196626379401 0.834479079956188 0.820196064301552 0.755850277161862 0.686665489287782 0.761853859348199 0.653311847507331 0.525020391414141 0.611596949359365 0.569637184343434 0.52447952910399 0.54578469587966 0.379503382663848 0.398443426573427 0.313833870967742 0.370675923295455 0.287481005173688 0.263802028549962 0.28590206947524 0.324058327272727 0.436114111261872 0.444028013468013 0.318501659451659 0.335104617604618 0.279469076005961
