birds/birdsncar_ccsm3.0_run1bwd.asc
NCOLS 255 
NROWS 267 
XLLCORNER -16100344 
YLLCORNER -6047616 
CELLSIZE 50000 
NODATA_value -9999 
[rows 0 to 28 of 267, columns 130 to 194 of 255]
-9999 -9999 -9999 -9999 -9999 -9999 -9999 -9999 -9999 -9999 -9999 -9999 -9999 -9999 -9999 -9999 -9999 -9999 -9999 -9999 -9999 -9999 2.07525546772069 -9999 -9999 1.95836534090909 1.9380433681073 1.96659202797203 1.95551378787879 1.98750659824047 1.97776242424242 2.106985 2.09683695976155 2.12904909090909 1.48362049306626 0.321271340523883 2.21289687034277 0.32013405238829 1.54473757575758 2.28785879765396 2.18822563338301 2.28181788856305 2.33206275659824 2.31721673881674 2.30924213564214 2.40549595959596 2.43782727272727 2.50626803977273 2.49495786435786 2.59549876033058 2.65726136363636 2.6539413986014 2.69425578512397 2.68470952380952 2.7118213986014 2.73107073863636 2.88839518716578 2.78435227272727 2.82337244755245 2.85593944055944 2.88467286295794 4.13324238488784 4.23730186480187 4.29861841491841 3.42736031941032
-9999 -9999 -9999 -9999 -9999 -9999 -9999 -9999 -9999 -9999 -9999 1.73197542613636 1.85635922865014 2.41746291486292 1.88441392045455 1.80925076923077 1.93463957219251 2.50845032938076 2.5158172979798 1.94105943012212 2.02475007215007 2.03734184704185 1.98435596590909 2.12432714646465 -9999 2.17253357575758 2.19017972972973 1.99130975935829 3.63038937568456 3.16650093240093 3.44409887766554 3.35414309327037 2.13302878787879 2.10408392621871 2.10913974025974 2.149597421981 2.10869612299465 2.16533907734057 2.1695772027972 2.24705440340909 2.2324157394844 2.27348028169014 2.29167747625509 3.07656488169365 3.13567234314981 4.68366193181818 4.39700272727273 -9999 -9999 -9999 -9999 -9999 -9999 -9999 -9999 -9999 -9999 -9999 -9999 -9999 -9999 -9999 -9999 -9999 -9999
-9999 -9999 -9999 -9999 -9999 -9999 -9999 1.77123636363636 2.37602045454545 -9999 -9999 -9999 -9999 -9999 -9999 -9999 -9999 -9999 -9999 -9999 -9999 -9999 -9999 3.31343361244019 3.28253056818182 2.7325922979798 3.14479622195986 3.34111909090909 3.36992062937063 4.136372172949 2.79185944976077 2.85855 2.86337899262899 2.8215103030303 2.75853586550436 2.83141018181818 2.83537842424242 2.82624027777778 2.84561168831169 2.22739363636364 2.26254852941176 4.02871523022432 -9999 -9999 -9999 -9999 -9999 -9999 -9999 -9999 -9999 -9999 -9999 -9999 -9999 -9999 -9999 -9999 -9999 -9999 -9999 -9999 -9999 -9999 -9999
4.06688948051948 3.58203395721925 3.56780414438503 -9999 -9999 -9999 -9999 -9999 5.43350189393939 5.45344717444717 4.86218893280632 -9999 -9999 -9999 2.7255842605156 2.5314427972028 2.56253650137741 1.92228125 2.52656296791444 1.92686122994652 -9999 -9999 -9999 -9999 -9999 -9999 -9999 5.46605909090909 5.59548256684492 2.6363196762142 2.1205185828877 2.16695137741047 2.1135020661157 2.11396170798898 2.13032286501377 4.10569931818182 4.03660986696231 5.0197133037694 -9999 -9999 -9999 -9999 -9999 -9999 -9999 -9999 -9999 -9999 -9999 -9999 -9999 -9999 -9999 -9999 -9999 -9999 -9999 -9999 -9999 -9999 -9999 -9999 -9999 -9999 -9999
-9999 -9999 -9999 -9999 -9999 -9999 -9999 -9999 -9999 -9999 -9999 -9999 -9999 -9999 -9999 -9999 -9999 -9999 -9999 -9999 -9999 -9999 -9999 -9999 6.02038464646465 6.01509901185771 -9999 -9999 -9999 -9999 -9999 -9999 -9999 -9999 -9999 -9999 -9999 -9999 -9999 -9999 -9999 -9999 -9999 -9999 -9999 -9999 -9999 -9999 -9999 -9999 -9999 -9999 -9999 -9999 -9999 -9999 -9999 -9999 -9999 -9999 -9999 -9999 -9999 -9999 -9999
2.07610826446281 2.07515867768595 2.3455621657754 2.15011576704545 2.42261926729986 -9999 -9999 -9999 -9999 -9999 -9999 -9999 -9999 -9999 -9999 -9999 -9999 -9999 -9999 -9999 5.92009499489275 5.14916107554417 6.05365800395257 6.06200172248804 5.9670084280303 5.85310119047619 -9999 -9999 3.85658970588235 6.48212179752066 6.31930247933884 4.74441083437111 2.80293085399449 2.07668587412587 2.90970298507463 5.31319138134593 5.33096694214876 -9999 6.48098429752066 5.71493171487603 6.83035333951763 6.77665791940019 6.72894395501406 6.33738740530303 6.66505070290534 -9999 -9999 -9999 -9999 -9999 -9999 -9999 -9999 -9999 -9999 -9999 -9999 -9999 -9999 -9999 -9999 -9999 -9999 -9999 -9999
-9999 2.36037997364954 2.00609341238472 -9999 -9999 -9999 -9999 -9999 5.01361829004329 5.23626375757576 -9999 -9999 -9999 -9999 -9999 -9999 -9999 -9999 -9999 5.68098250988142 5.84764476284585 5.89384812252964 5.79334442361762 5.82578896103896 5.91672043111528 5.90358246753247 -9999 7.20390668953688 7.43091750212404 6.94516735930736 6.23350309278351 6.47737572727273 5.62070780632411 5.18250663101604 5.57591171717172 5.2382278338945 4.50876088516746 5.24056574279379 2.83976461538462 2.03069393939394 2.09401505681818 2.03886567164179 2.02961641791045 2.10756293706294 2.06865592286501 2.07831005509642 2.13572503496504 5.45081839323467 2.09671845730028 -9999 -9999 -9999 -9999 -9999 -9999 -9999 -9999 -9999 -9999 -9999 -9999 -9999 -9999 -9999 -9999
-9999 -9999 -9999 -9999 -9999 -9999 2.22863733333333 1.94422386363636 4.80332600422833 3.98974096969697 4.07481081081081 4.17220709838107 -9999 -9999 -9999 -9999 -9999 -9999 -9999 -9999 -9999 -9999 5.92766990909091 5.98709486948695 6.09126772727273 6.02038423005566 6.00004564393939 5.48383245356794 6.12775927643785 6.11313487940631 6.15890686456401 5.69293646138807 5.70999725378788 5.65855767045455 5.76908134469697 6.56703081818182 5.53289100684262 6.32594777365492 6.77894090909091 6.88099279927993 6.88815313327449 5.60072921348315 6.54089428303655 3.86951721212121 3.87807733333333 3.96542815656566 3.9711628681178 5.94007738095238 2.04954626865672 2.0991305785124 3.96036916996047 4.01117419786096 3.05907342657343 2.16823650137741 2.17638657342657 2.13197598371777 -9999 -9999 -9999 -9999 -9999 -9999 -9999 -9999 -9999
-9999 -9999 2.02866088794926 1.99251882352941 2.62192006269592 2.84234628099174 -9999 -9999 -9999 -9999 2.91818290513834 3.01297145650049 2.99193505050505 4.82970162679426 4.93561647727273 4.99585511363636 4.58012859848485 -9999 -9999 -9999 -9999 -9999 -9999 -9999 -9999 -9999 -9999 -9999 6.0844372462489 5.29220088932806 5.08782766373411 5.38611330143541 6.90513689839572 6.95190305944056 -9999 -9999 -9999 -9999 -9999 -9999 -9999 -9999 -9999 -9999 -9999 7.5629106202209 7.62570968564146 7.7016103030303 7.73149247933884 7.088379 7.12484452690167 7.03725539772727 7.00099531396439 6.16050020661157 6.20068791322314 4.07771310160428 2.14837768595041 4.13518801054018 4.13743493506493 7.81917104029991 7.89886528046422 -9999 -9999 -9999 -9999
-9999 -9999 -9999 3.14683462717058 3.25897209720972 -9999 -9999 -9999 -9999 -9999 4.59470943075616 4.19232583258326 4.71638776223776 4.95735035650624 5.00611481818182 4.41529922630561 4.96216418732782 5.23929441944194 6.08378016528926 6.17878882402002 6.01809411255411 6.38632861952862 -9999 -9999 -9999 -9999 -9999 5.15459805194805 4.8877476284585 5.04361136363636 5.34385444976077 5.22432209188661 4.9831196969697 -9999 -9999 -9999 -9999 -9999 -9999 -9999 -9999 -9999 -9999 -9999 -9999 -9999 -9999 -9999 -9999 -9999 -9999 7.95934490118577 7.9798182622687 7.37977152133581 8.2796438961039 8.41813071491615 6.03955878787879 7.47839765395894 4.05795221130221 4.10529551515152 3.05832985074627 6.4852849197861 2.20805771349862 -9999 -9999
3.60248727272727 3.63543489177489 4.13796090104586 3.33131757575758 3.7718165971643 3.95127208931419 3.65719488636364 3.08909459459459 4.44136765151515 3.94958889782784 3.92023654729109 4.14150564872021 4.15615298701299 4.19366156615662 4.25121056014692 4.22190816326531 4.36090699300699 4.31295732620321 4.89266818181818 4.38096196447231 4.59170632411067 5.14017207792208 6.06898654188948 6.34816561264822 6.48162033492823 6.58825813177648 5.81735166516652 6.46454924977935 6.85695965909091 6.65209475524476 5.21731164772727 5.23525818181818 5.42800541125541 5.33581940755873 -9999 -9999 -9999 -9999 -9999 -9999 -9999 -9999 -9999 -9999 -9999 -9999 -9999 -9999 -9999 -9999 -9999 -9999 8.59277351097179 8.93448877470356 8.22999420756235 -9999 8.65377913961039 7.68986488413547 7.34427032967033 6.8129177540107 4.80476736596737 3.12748622589532 3.17965902097902 2.38465599472991 2.30008972332016
3.83221065830721 3.98761787365177 3.83103510971787 3.99685932601881 3.83599059288538 3.60481616161616 3.93733219076006 4.04736687747036 4.37190657467533 4.10184518451845 4.13149189918992 4.02834354545455 3.94815986460348 3.99745580270793 4.18386174617462 4.15082534965035 4.25603440285205 4.13388557312253 4.35897587758776 4.43704704779756 5.06371143114311 5.36567506750675 5.50247593582888 5.95883227689742 6.39625040584416 -9999 -9999 -9999 -9999 -9999 -9999 -9999 -9999 -9999 -9999 -9999 -9999 -9999 -9999 -9999 -9999 -9999 -9999 -9999 -9999 -9999 -9999 -9999 -9999 -9999 8.28055454545455 8.33026685438455 8.37999537480064 8.63355019762846 8.89164324110672 8.82531451355662 8.91551427432217 9.01023819776714 8.47160458567981 8.10177095959596 8.91244448913918 -9999 -9999 -9999 -9999
3.86842829153605 3.92134435736677 3.94735423728814 4.01364102564103 4.09808391608392 4.14153268025078 4.18039499229584 4.25323111285266 4.33020167464115 4.33447119871279 4.50034513274336 4.4779968013468 3.98931555944056 4.05959826839827 4.16576597659766 4.24281212121212 5.30792896613191 5.33794300699301 4.48684046920821 4.30196637341153 5.09251242124212 5.39201835664336 5.86522791068581 5.50526371753247 -9999 -9999 5.94646052631579 5.83713826446281 6.07405004022526 5.81560266299357 -9999 -9999 -9999 -9999 -9999 -9999 -9999 -9999 -9999 -9999 -9999 -9999 -9999 6.81137108225108 6.68723490566038 6.76043927958834 6.74609677145285 6.73136717171717 7.77108771498771 7.89197140495868 7.62193505323505 6.93302601010101 6.97328122895623 7.01748762626263 -9999 7.54032702251877 6.17043234449761 3.54970314685315 3.10425837320574 3.6305696969697 3.21506886674969 3.27591963636364 8.93728289256198 -9999 -9999
2.54512468652038 2.23423341103341 2.2682526029526 3.54705423987777 3.86482794336811 3.42172868852459 3.59868925619835 4.16854410217881 4.1060038197097 4.2284144338118 4.20897981651376 4.20844152334152 4.43137345779221 4.41772085070892 4.50155826446281 4.57803277731443 4.6627487135506 4.8151081734779 -9999 -9999 -9999 -9999 -9999 -9999 -9999 -9999 5.92957497914929 5.68525303030303 5.77900809007506 5.61544103419516 -9999 -9999 -9999 6.60856941376381 6.26730883838384 -9999 -9999 -9999 -9999 -9999 -9999 -9999 -9999 -9999 -9999 -9999 -9999 -9999 -9999 -9999 -9999 -9999 6.69622338923213 7.39180076555024 6.66685135396518 6.9839099909991 7.50443375337534 7.65495733573357 4.47642949260042 3.03108962868118 3.18566943346509 2.22746864295125 3.14149482323232 4.40763733333333 3.70996537982565
1.71884631661442 1.71077719568567 1.7526461420932 1.54434770784771 1.55249898989899 1.85840778120185 1.9045565830721 1.60273213166144 2.34410766798419 1.86764351851852 2.39621 2.7329900974026 3.31666672077922 3.92168771498771 3.99624357084357 4.18730081900082 -9999 -9999 -9999 -9999 -9999 -9999 -9999 -9999 -9999 -9999 -9999 -9999 -9999 -9999 -9999 -9999 -9999 -9999 -9999 -9999 -9999 -9999 -9999 -9999 -9999 -9999 -9999 -9999 -9999 -9999 -9999 -9999 -9999 -9999 -9999 -9999 -9999 -9999 -9999 -9999 5.94617919191919 3.27917556818182 3.45469514321295 3.88474483188045 7.96012091791703 8.1014812987013 7.86831577540107 -9999 -9999
2.41038922841864 1.46075874713522 1.57828098484848 1.7684436067997 2.1076298271976 1.84003880825057 1.58309287878788 1.93612764838467 2.25458916666667 2.29931018808777 2.30665633116883 2.36046274350649 2.42839017857143 1.97786217532468 -9999 -9999 -9999 -9999 -9999 -9999 -9999 -9999 -9999 -9999 -9999 -9999 -9999 -9999 -9999 -9999 -9999 6.13552342342342 5.7723524979525 -9999 -9999 -9999 -9999 -9999 -9999 -9999 -9999 -9999 -9999 -9999 -9999 -9999 -9999 -9999 -9999 -9999 -9999 -9999 -9999 -9999 -9999 -9999 -9999 -9999 -9999 6.28016842105263 7.03254354545455 5.56331368523949 5.96329015151515 -9999 -9999
1.60327741702742 1.63456321022727 1.62905556363636 1.69351539589443 1.69065296769346 1.73188767843727 1.77009575757576 1.95967746371276 2.03132283996995 2.0514103030303 1.69786997708174 -9999 -9999 -9999 -9999 -9999 -9999 -9999 -9999 -9999 -9999 -9999 -9999 -9999 -9999 -9999 -9999 -9999 -9999 -9999 -9999 -9999 -9999 -9999 -9999 -9999 -9999 -9999 -9999 -9999 -9999 -9999 5.93333706972639 5.57833711340206 4.96847745825603 5.99717059369202 7.2945469557965 7.28450211827008 7.47250008496177 7.56558208296558 7.0231145087236 5.81471875 -9999 -9999 -9999 -9999 -9999 -9999 -9999 -9999 -9999 -9999 -9999 -9999 -9999
1.12095055096419 1.27270040705563 1.18672040249827 1.25566202797203 1.29921363636364 1.36959527836505 1.83193275613276 1.29771134485349 1.67032025518341 1.67169415019763 -9999 -9999 -9999 -9999 -9999 -9999 -9999 -9999 -9999 -9999 -9999 -9999 -9999 -9999 -9999 -9999 -9999 -9999 -9999 -9999 -9999 -9999 -9999 -9999 -9999 -9999 -9999 -9999 -9999 -9999 -9999 -9999 4.40043939393939 3.78897750702905 3.32558413729128 3.60461791179118 3.66109357208448 5.21095203463203 6.29146663724625 6.35954995751912 7.50200942760943 6.64525350649351 7.69612095238095 7.60512630185349 7.54591940559441 7.34939135472371 7.57883214620431 -9999 -9999 -9999 -9999 -9999 -9999 -9999 -9999
1.19383194622279 0.847960540184453 1.02475991735537 0.923690311877903 1.25968121657754 1.44691201061712 1.22230922865014 1.39641429562804 1.29576780013879 1.34450333806818 -9999 -9999 -9999 -9999 -9999 -9999 -9999 -9999 -9999 -9999 -9999 -9999 -9999 -9999 -9999 -9999 -9999 -9999 -9999 -9999 -9999 -9999 -9999 -9999 -9999 -9999 -9999 -9999 -9999 -9999 -9999 -9999 -9999 4.4379586054722 3.42799563636364 3.62870864527629 3.54622139577594 3.22793480257117 3.82857281910009 3.84513290909091 3.58177722772277 3.61722490909091 3.76480891265597 3.80825445362718 3.74608294283037 3.24279308712121 3.80244854932302 -9999 -9999 -9999 -9999 -9999 -9999 -9999 -9999
0.591093837705918 0.773805835380835 0.699440313479624 0.830775572047001 0.891547857142857 0.916422050290135 0.955165194805195 0.99785676913015 0.865096992481203 -9999 -9999 -9999 -9999 -9999 -9999 -9999 -9999 -9999 -9999 -9999 -9999 -9999 -9999 -9999 -9999 -9999 -9999 -9999 -9999 -9999 -9999 -9999 -9999 -9999 -9999 -9999 -9999 -9999 -9999 -9999 -9999 -9999 2.60523385281385 3.28623392857143 2.86927918436703 2.9180877968878 2.61318530161427 2.79768223905724 3.60632495867769 4.33225797448166 3.77769066115702 3.86992915642916 3.57925 3.44690608919383 3.89211617132867 4.00135345117845 3.76797650765076 -9999 -9999 -9999 -9999 -9999 -9999 -9999 -9999
0.779345038621509 0.731973321449792 0.824308428657435 0.666311878787879 0.802258759783263 0.836950152532032 1.04848739393939 0.991445696969697 1.05295761755486 1.07294344155844 0.909807913669065 1.24549321573948 -9999 -9999 -9999 -9999 -9999 -9999 -9999 -9999 -9999 -9999 -9999 -9999 -9999 -9999 -9999 -9999 -9999 -9999 -9999 -9999 -9999 -9999 -9999 -9999 -9999 -9999 -9999 -9999 -9999 -9999 -9999 2.34826956521739 2.70406685438455 2.75031461038961 2.85118577075099 2.89815510366826 2.91670749601276 3.22746956168831 3.22505839475839 3.24460819805195 3.05924553644554 3.08138425324675 3.07838548790659 3.22027224456959 4.05878397534669 4.04517633587786 4.75262138599106 4.67732135642136 4.66304424715909 -9999 -9999 -9999 4.88829639368896
0.424396363636364 0.436224480095068 0.447944451003542 0.534580392156863 0.656822034918724 0.772644563279857 0.622453272727273 0.666642484848485 0.757171661442006 0.928969005491153 0.811919402074436 0.813620689655172 0.763123260188088 -9999 -9999 -9999 -9999 -9999 -9999 -9999 -9999 -9999 -9999 -9999 -9999 -9999 -9999 -9999 -9999 -9999 -9999 -9999 -9999 -9999 -9999 -9999 -9999 -9999 -9999 -9999 -9999 -9999 -9999 -9999 2.95864568764569 2.75050997067449 3.0494525592055 2.77452843822844 2.85472174242424 2.83188007905138 2.86741462450593 3.11939730354391 3.12269137529138 2.92181217532468 3.18630146103896 2.98594348894349 2.7450224025974 3.38069834710744 4.21541519886364 4.05200139296188 4.52124405594406 4.67483181818182 4.34413345170455 4.94144108258154 4.48084149560117
0.366339306358381 0.391381604278075 0.401521084337349 0.373050306748466 0.381660932105869 0.374746432681243 0.409644638694639 0.434048739002933 0.423829149560117 0.453279724880383 0.449799257884972 0.476299206833435 0.528588468578401 0.629628545454545 -9999 0.701920655534941 0.860919151515152 0.764208779576588 -9999 -9999 -9999 -9999 -9999 -9999 -9999 -9999 -9999 -9999 -9999 -9999 -9999 -9999 -9999 -9999 -9999 -9999 -9999 -9999 -9999 -9999 -9999 -9999 -9999 -9999 2.13400196969697 2.42204207362885 2.65878429090909 2.65949069767442 2.68787075405215 2.64824988913526 2.68173106060606 2.38348091660406 2.29131763791764 2.12227681047766 2.09710127591707 1.98079598689599 2.19235494770716 1.38659940526763 2.7994096969697 2.87785815176559 2.84520142045455 2.59256058059587 3.54246185770751 3.48660324675325 3.1142657523511
0.299215100154083 0.302749642492339 0.279477378435518 0.313007860962567 0.355143487506645 0.389039289446186 0.388606524064171 0.453074932759548 0.453651497005988 0.469488569909623 0.474539412416851 0.452353636363636 0.43196991202346 0.486792588303416 0.494940469208211 0.512018358913813 0.500066526189043 0.500341183648566 0.508451020408163 0.5764475572047 0.756141372912801 0.86832086638194 0.869329780564263 -9999 -9999 -9999 -9999 -9999 -9999 -9999 -9999 -9999 -9999 -9999 -9999 -9999 -9999 -9999 -9999 -9999 -9999 -9999 -9999 -9999 2.36031105834464 2.4918859055673 2.18849805194805 2.2653762295082 1.85968909090909 2.12559230205279 2.27095359237537 1.75064931818182 1.72615668449198 1.72725592055004 1.73367830404889 1.75680757575758 1.50215325824618 1.45860422077922 1.13146590909091 2.06574770909091 1.16889388429752 1.19385004095004 1.35033032915361 1.3473155624037 1.37505731225296
0.278198055420515 0.272358357771261 0.300932411067194 0.310448806500762 0.318342696629213 0.344000812595226 0.326378873966942 0.357775039411456 0.429732386363636 0.399289686337055 0.432177030661646 0.467732834224599 0.481711403980635 0.467621482683983 0.450389180145008 0.487382534435262 0.536990797546012 0.483325767226404 0.438364539434076 0.453455393939394 0.506949613784908 0.535812141549725 0.598182484848485 0.654631941031941 0.645795546064674 0.87864941249227 -9999 -9999 -9999 -9999 -9999 -9999 -9999 -9999 -9999 -9999 -9999 -9999 -9999 -9999 -9999 -9999 -9999 3.02066349862259 1.47128692712246 1.33948805409467 1.46324138181818 1.52410100214746 1.45169810909091 1.17775439137134 1.83953539493294 1.86514966190834 1.40305399209486 1.15579362859363 1.49423480963481 1.48957482517483 1.12649804075235 1.09793581027668 1.45370119617225 1.53202820512821 1.51397742946708 1.59889231974922 0.814512905844156 1.54454444444444 1.16683138339921
0.272246562067374 0.271903426222019 0.328978580931264 0.379526409090909 0.398244123048668 0.413884723523899 0.423275366568915 0.43522260307998 0.477496671634377 0.475163786213786 0.510853246753247 0.503960639918741 0.455741901776385 0.440363215974777 0.468650369978858 0.473900691121744 0.449114285714286 0.462141401971522 0.460138347107438 0.487466115702479 0.551042332968237 0.547850358126722 0.612080010952903 0.594340235690236 0.572885431235431 0.506067498514557 0.5853379784689 0.579610535821794 -9999 -9999 -9999 -9999 -9999 -9999 -9999 -9999 -9999 -9999 -9999 -9999 -9999 -9999 -9999 1.1270541759054 1.10236866223208 0.884137381818182 0.599229601803156 0.823612447552448 0.641234873323398 1.23018267716535 0.649149780058651 0.645466444937177 0.634879338842975 0.581079772727273 1.14582318181818 1.16898128787879 1.08880562403698 1.07875553857907 1.08225361305361 0.441242822966507 0.725816442687747 0.844016849529781 0.797461581027668 1.21615648795649 0.867291065830721
0.222034124496193 0.250101800180018 0.291879579716766 0.388034262220192 0.399436635006784 0.427717676767677 0.431905248359888 0.461103956665097 0.500440909090909 0.504011626794258 0.469578258778259 0.446346240786241 0.483339312039312 0.478887312687313 0.539254693675889 0.460484951206985 0.54219187404774 0.467396133751306 0.446384936575053 0.459101122994652 0.483306432748538 0.477833903743315 0.508266400850611 0.521167065868264 0.539122318998367 0.550668291347207 0.579064567360351 0.54514578713969 0.538802229845626 0.502810489510489 0.604333236826867 0.81805414269275 0.909689215132693 -9999 -9999 -9999 -9999 -9999 -9999 2.19138018181818 1.48537111540941 1.25483156209987 0.944234545454545 1.06867885235332 0.782032202304737 0.809207682458387 0.872714141414141 0.845370649350649 0.748507024793388 0.726177902097902 0.763899306037474 0.739973502466526 0.787312327823692 0.741004335664336 0.998084038861901 0.847766001478197 0.937601381818182 0.72587979020979 0.6770046875 0.689647004933052 0.606405527272727 0.651295489781536 0.553369031781227 0.540398797896319 0.675480539772727
0.220010402532791 -9999 -9999 0.319536271808999 0.340928293135436 0.341614667291471 0.356354356060606 0.39849381443299 0.425169493908154 0.453299487179487 0.477579160839161 0.440809706439394 0.421485853184249 0.455741495601173 0.449775233415233 0.439778302360623 0.499475774225774 0.490012290502793 0.501251515151515 0.509606639427988 0.453135948051948 0.457266736731477 0.472304414083027 0.463693957219251 0.486859011164274 0.511084263689527 0.497329209252286 0.520855187165775 0.561272565895643 0.56932204681546 0.596969822485207 0.658162399139322 0.709271132376396 0.79470802764487 -9999 -9999 -9999 -9999 -9999 -9999 1.25858159090909 1.02385291806958 0.865325757575758 0.800530263157895 0.944369696969697 0.789486606060606 0.82457096969697 0.801688169364882 0.804613262764633 0.80450131661442 0.756572272727273 0.752350584415584 0.738226416337286 0.702796179183136 0.718923122529644 0.645907687165776 0.635410854816825 0.636120067340067 0.636098585858586 0.631096132971506 0.614070624151967 0.616233872053872 0.592560833902939 0.618944029850746 0.672324025974026
0.253560435992579 0.226703474535935 -9999 -9999 -9999 0.297638106453132 0.336563071125765 0.374358741258741 0.421425398313027 0.432134647495362 0.405980634469697 0.428813776944705 0.454241280148423 0.491691934731935 0.508329439472445 0.446726786582402 0.462634017595308 0.471651597051597 0.438772978402813 0.43799405789741 0.468748939393939 0.519001848151848 0.495507626262626 0.516917211440245 0.481360503338469 0.475634051497635 0.436479756871036 0.443025996810207 0.448062200956938 0.477167177589852 0.536114746300211 0.597741483803553 0.616672727272727 0.595577402597403 -9999 -9999 -9999 -9999 -9999 -9999 0.885523214285714 0.798251479289941 0.788633315187806 0.867639031028851 0.798168044077135 0.836307261640798 0.765953970080552 0.720029988193625 0.750570979020979 0.760142564720048 0.733165669856459 0.757683575757576 0.651037626262626 0.639922886204704 0.611165734265734 0.648845267745953 0.584029257362356 0.577089116517286 0.665035082367297 0.555488896103896 0.638429606879607 0.629859336609337 0.694757932263815 0.640227090909091 0.608071985157699
