birds/birdscccma_cgcm3.1_t47_run1bwd.asc
NCOLS 255 
NROWS 267 
XLLCORNER -16100344 
YLLCORNER -6047616 
CELLSIZE 50000 
NODATA_value -9999 
[rows 0 to 28 of 267, columns 130 to 194 of 255]
-9999 -9999 -9999 -9999 -9999 -9999 -9999 -9999 -9999 -9999 -9999 -9999 -9999 -9999 -9999 -9999 -9999 -9999 -9999 -9999 -9999 -9999 1.7575400996264 -9999 -9999 1.70295714285714 1.11938401759531 1.72975482093664 0.014903129657228 1.13830263929619 0.0505050505050505 0.0505050505050505 0.0505050505050505 0.0505050505050505 0.132163203463203 0.123696022727273 0.139859659090909 0.202822097902098 0.257664738292011 0.225557202797203 1.96112125874126 1.25174204545455 1.98200515603799 2.00495748251748 2.0148078125 0.1273921875 2.03611997245179 2.07499267299864 2.10279715061058 2.13080556309362 2.28465961038961 2.35244896103896 2.31614071146245 2.27219812834225 2.38742371541502 2.43912138284251 2.49917007575758 2.47609692701665 2.50662445582586 2.53793636363636 2.4956679144385 2.72768909090909 2.79752653562654 2.81359126794258 2.84165624242424
-9999 -9999 -9999 -9999 -9999 -9999 -9999 -9999 -9999 -9999 -9999 1.58751285714286 1.58022929292929 1.64800012626263 1.59356911581569 1.64579987714988 1.75935127272727 1.68942631578947 1.6428656019656 1.61261220423412 0.101203636363636 0.06564375 1.11404438502674 1.72831117936118 -9999 1.75870909090909 1.71446186540732 1.07929727272727 1.83234318181818 1.74670339393939 1.79694825174825 1.76082998819362 0.0518476923076923 1.79607125668449 1.77388079385403 1.8844163372859 1.81992845849802 1.84853983957219 1.23508732782369 1.24282782369146 1.91329143610013 2.00471696065129 2.00235797101449 2.06395661157025 2.04940454545455 2.08797042424242 2.08153543123543 -9999 -9999 -9999 -9999 -9999 -9999 -9999 -9999 -9999 -9999 -9999 -9999 -9999 -9999 -9999 -9999 -9999 -9999
-9999 -9999 -9999 -9999 -9999 -9999 -9999 1.54760473751601 1.53564122042341 -9999 -9999 -9999 -9999 -9999 -9999 -9999 -9999 -9999 -9999 -9999 -9999 -9999 -9999 1.71661936245573 1.76047897727273 1.68525525383707 1.79355719217491 1.7464913693901 1.84676977272727 1.81780830527497 1.79299440559441 1.78319350649351 1.83209503030303 1.80958576555024 1.87072247474747 1.79319161747344 1.85001805896806 1.86724878361076 1.86121818181818 1.92437350649351 1.93653005050505 1.99364103535354 -9999 -9999 -9999 -9999 -9999 -9999 -9999 -9999 -9999 -9999 -9999 -9999 -9999 -9999 -9999 -9999 -9999 -9999 -9999 -9999 -9999 -9999 -9999
3.72591556818182 3.19504748803828 3.2532148018648 -9999 -9999 -9999 -9999 -9999 4.65417134637514 4.13130759493671 4.20466107226107 -9999 -9999 -9999 1.56591904176904 1.65500227272727 1.67463250311332 1.68466068796069 1.63858941469489 1.70649963144963 -9999 -9999 -9999 -9999 -9999 -9999 -9999 2.48487886089814 2.49625465631929 1.80660578512397 1.85146314496314 1.82812933333333 1.92475063131313 1.86615633802817 1.92754343434343 2.39001357882624 2.47191909090909 2.56739917355372 -9999 -9999 -9999 -9999 -9999 -9999 -9999 -9999 -9999 -9999 -9999 -9999 -9999 -9999 -9999 -9999 -9999 -9999 -9999 -9999 -9999 -9999 -9999 -9999 -9999 -9999 -9999
-9999 -9999 -9999 -9999 -9999 -9999 -9999 -9999 -9999 -9999 -9999 -9999 -9999 -9999 -9999 -9999 -9999 -9999 -9999 -9999 -9999 -9999 -9999 -9999 5.67169377470356 5.582225 -9999 -9999 -9999 -9999 -9999 -9999 -9999 -9999 -9999 -9999 -9999 -9999 -9999 -9999 -9999 -9999 -9999 -9999 -9999 -9999 -9999 -9999 -9999 -9999 -9999 -9999 -9999 -9999 -9999 -9999 -9999 -9999 -9999 -9999 -9999 -9999 -9999 -9999 -9999
1.20051118881119 1.18639919447641 1.23889528193326 1.24113670886076 1.27658738636364 -9999 -9999 -9999 -9999 -9999 -9999 -9999 -9999 -9999 -9999 -9999 -9999 -9999 -9999 -9999 4.66184978354978 4.38740594405594 5.52238925619835 5.56625238987816 5.52203774703557 4.66084024390244 -9999 -9999 3.4685754784689 5.09129836567926 5.93453214620431 4.25457465909091 1.81927478787879 1.78807464114833 1.85746587795766 3.35811251475797 3.41288333333333 -9999 5.94862645454545 5.44774455544456 6.03818503213958 5.48629634489222 5.55279531396439 5.50859110251451 5.23383241106719 -9999 -9999 -9999 -9999 -9999 -9999 -9999 -9999 -9999 -9999 -9999 -9999 -9999 -9999 -9999 -9999 -9999 -9999 -9999 -9999
-9999 1.19438136924804 1.21469169472503 -9999 -9999 -9999 -9999 -9999 2.01082993348115 1.60526420454545 -9999 -9999 -9999 -9999 -9999 -9999 -9999 -9999 -9999 4.28331993428258 4.45473474025974 4.52840528541226 4.49677382256298 5.44101848484848 4.89945650826446 4.86090507399577 -9999 5.52348856885689 5.59495148601399 5.57424233241506 4.68820616509927 5.49335567010309 4.79580401691332 4.1736210955711 4.82709164054337 3.5426706937799 3.57531963636364 3.49114246260069 1.85752045454545 1.85032981818182 1.87543918918919 1.83380119617225 1.84998921212121 1.8686113022113 1.83396909090909 1.85362788697789 1.88825970515971 4.96871515151515 1.88847371007371 -9999 -9999 -9999 -9999 -9999 -9999 -9999 -9999 -9999 -9999 -9999 -9999 -9999 -9999 -9999 -9999
-9999 -9999 -9999 -9999 -9999 -9999 1.85913774703557 1.08275105708245 1.94441313131313 1.48579368070953 0.95276996547756 0.154244084682441 -9999 -9999 -9999 -9999 -9999 -9999 -9999 -9999 -9999 -9999 5.21928085664336 5.30033907342657 5.44495677361854 4.50571596194503 3.88313384446878 3.91224269275029 5.31052018181818 4.61900551948052 4.58376227795193 3.95257960088692 4.67440574712644 4.6891895959596 4.57185234765235 4.67282497607656 4.00889879518072 4.85757272727273 4.97559668560606 5.12663 5.11118559855986 3.44264008762322 4.76673151515152 1.93280871212121 2.65795504358655 1.93335429292929 1.93653947696139 3.55295684695052 1.85197127272727 1.87219754299754 1.92313055555556 1.92077752525253 1.88033820638821 1.94914886363636 1.92800435865504 1.90573255528256 -9999 -9999 -9999 -9999 -9999 -9999 -9999 -9999 -9999
-9999 -9999 1.4951223923445 1.51857427466151 1.61149772727273 1.63571781076067 -9999 -9999 -9999 -9999 1.9246683600713 1.58526111611161 1.90198301193756 1.57548761238761 2.1678657814096 2.31747212787213 2.21789811912226 -9999 -9999 -9999 -9999 -9999 -9999 -9999 -9999 -9999 -9999 -9999 4.70349365530303 3.87267081930415 3.30278414918415 4.47918080808081 4.64570415019763 4.81878351158645 -9999 -9999 -9999 -9999 -9999 -9999 -9999 -9999 -9999 -9999 -9999 5.27134609090909 5.64211381461676 5.34354463636364 6.40250059473237 5.33892872727273 5.01485504495504 5.05292737373737 5.06289217758985 3.64757237762238 3.61295371900826 1.88545675675676 1.91123561643836 1.93239250614251 1.95766537982565 5.60804858934169 4.62895011363636 -9999 -9999 -9999 -9999
-9999 -9999 -9999 1.56357967409949 1.98600221130221 -9999 -9999 -9999 -9999 -9999 1.37214820075758 2.00165500459137 1.77844390715667 2.23757806324111 2.2440012987013 2.35440919191919 2.39121797979798 3.57025081818182 3.97372354545455 3.89253878787879 4.46629151515152 4.33693421955403 -9999 -9999 -9999 -9999 -9999 3.03609409090909 2.33387933884298 4.53781315508021 3.91477612267251 2.50041363636364 1.87863778040142 -9999 -9999 -9999 -9999 -9999 -9999 -9999 -9999 -9999 -9999 -9999 -9999 -9999 -9999 -9999 -9999 -9999 -9999 7.37517094017094 7.37232695924765 5.12278011988012 6.35477861471862 5.31464813397129 3.54767564534231 4.38185205627706 1.96031755915318 1.97553296969697 1.92748267813268 2.72816174734357 1.91752380382775 -9999 -9999
1.12538822510823 1.1275777972028 1.07824626623377 1.68588819031436 1.83106103896104 1.86165438596491 1.89852197628458 1.61993282381335 1.95668727272727 2.26223436363636 1.52422972420838 0.486038871473354 2.28192883675464 2.30249747474747 2.24544393939394 2.27683898989899 2.16364741735537 2.10155476190476 3.49363043062201 2.37617458926616 3.59579343434343 3.60808481518482 3.79527975632615 4.45985749158249 4.4197614922813 4.52964072727273 4.14745286561265 4.63661215311005 4.68988262032086 4.49784901185771 3.27775627705628 2.48906260069045 2.50060118063754 2.49476949760766 -9999 -9999 -9999 -9999 -9999 -9999 -9999 -9999 -9999 -9999 -9999 -9999 -9999 -9999 -9999 -9999 -9999 -9999 6.91037349121467 7.62100015540016 7.15397053291536 -9999 7.08995137614679 5.69214702194357 3.68425227272727 2.71845659090909 2.67891841491841 1.92319717444717 1.93904705159705 1.95501904176904 0.0408594696969697
1.67662474747475 1.57250790144435 1.6168834324554 1.78213953294412 1.64127702020202 1.87821387987013 2.33871849529781 2.22280008576329 1.66767475728155 1.52243368421053 1.55568087121212 1.42748050505051 1.45393646464646 1.4485240040858 2.73398702651515 2.22010497607655 2.81339282296651 2.30294395721925 2.24253181818182 2.87176629213483 3.58069545454545 2.90871343434343 2.48935948616601 4.13845472727273 4.29334737762238 -9999 -9999 -9999 -9999 -9999 -9999 -9999 -9999 -9999 -9999 -9999 -9999 -9999 -9999 -9999 -9999 -9999 -9999 -9999 -9999 -9999 -9999 -9999 -9999 -9999 6.62619612648221 6.67348987240829 6.71170390749601 6.76503904220779 6.84085747035573 6.8461262539185 6.94065288537549 7.03466209415584 7.02058582151793 6.4644327458256 7.25557718855219 -9999 -9999 -9999 -9999
1.66134051036683 1.67871754940711 1.71406590909091 1.72042272727273 1.77262105672106 1.77465558213716 2.23950629984051 2.29916307320998 2.34330087719298 1.90743628173628 1.63258243006993 2.12948036363636 1.6062832239925 1.54528551136364 2.27121340206186 1.57042346041056 1.97131954545455 2.73076372727273 1.63158712121212 1.69316060606061 2.66417832167832 2.73466453546454 3.84454794168096 4.16020093457944 -9999 -9999 4.76688740617181 4.69836091758709 4.88477818181818 3.43207871657754 -9999 -9999 -9999 -9999 -9999 -9999 -9999 -9999 -9999 -9999 -9999 -9999 -9999 3.47462084257206 4.29616229338843 4.25077707070707 5.59373196480938 6.64999862258953 6.19826890909091 6.24534679144385 6.52176881903144 5.58346194939082 5.60292337662338 6.00998980716253 -9999 6.85796463636364 2.76026306818182 2.70689019138756 2.73694787878788 2.72015867768595 2.73885551515152 2.77104921212121 7.37079385281385 -9999 -9999
1.40368874813711 1.39916333333333 1.01840350223547 1.06441667918858 1.35614916666667 1.50421371087928 1.57196871212121 1.57249352850539 1.82370305576776 1.83002634032634 2.22793509881423 2.29471661442006 1.69677770154374 2.31960294372294 1.89434879931389 2.52364414335664 1.94398561341571 3.15592851239669 -9999 -9999 -9999 -9999 -9999 -9999 -9999 -9999 4.64326397941681 4.67258709090909 4.67828181818182 4.83039466403162 -9999 -9999 -9999 4.43095824524313 4.31540986460348 -9999 -9999 -9999 -9999 -9999 -9999 -9999 -9999 -9999 -9999 -9999 -9999 -9999 -9999 -9999 -9999 -9999 6.31839745845552 3.13381430155211 2.72119312638581 4.48423469174504 4.08314661733615 4.14156374207188 2.77622465909091 1.91434963144963 1.93639508599509 1.95528617683686 1.98460294840295 2.37653918918919 2.50072583732057
0.899253733766234 0.941664762670957 0.987549011857707 1.07722791068581 0.956871753246753 0.821868181818182 0.771157355371901 0.840007386363636 0.784930387205387 0.762255123966942 0.715509841534612 0.990728814935065 0.976105838198499 1.91702115848753 1.9701179338843 2.00763828671329 -9999 -9999 -9999 -9999 -9999 -9999 -9999 -9999 -9999 -9999 -9999 -9999 -9999 -9999 -9999 -9999 -9999 -9999 -9999 -9999 -9999 -9999 -9999 -9999 -9999 -9999 -9999 -9999 -9999 -9999 -9999 -9999 -9999 -9999 -9999 -9999 -9999 -9999 -9999 -9999 2.63468080808081 1.97351338383838 1.92625933660934 1.92435381818182 5.78105018552876 7.30410311942959 4.9026766507177 -9999 -9999
0.650782220434433 0.907941654247392 0.922812045454545 0.857848981191223 0.847084955752212 0.906539393939394 0.784610551948052 0.956305844155844 0.925934995977474 0.914065584415584 0.7343948173322 0.754017264386989 0.992057851239669 0.895130525437865 -9999 -9999 -9999 -9999 -9999 -9999 -9999 -9999 -9999 -9999 -9999 -9999 -9999 -9999 -9999 -9999 -9999 5.8780873692679 6.07711295253419 -9999 -9999 -9999 -9999 -9999 -9999 -9999 -9999 -9999 -9999 -9999 -9999 -9999 -9999 -9999 -9999 -9999 -9999 -9999 -9999 -9999 -9999 -9999 -9999 -9999 -9999 4.31905375494071 4.69438220502901 5.08553333333333 4.29952976190476 -9999 -9999
0.540903284950344 0.580146224961479 0.594636592818946 0.592375885978428 0.834553800298063 0.973980476900149 1.04870390683696 1.03915240641711 0.890414996114996 0.985513053613054 0.88681112012987 -9999 -9999 -9999 -9999 -9999 -9999 -9999 -9999 -9999 -9999 -9999 -9999 -9999 -9999 -9999 -9999 -9999 -9999 -9999 -9999 -9999 -9999 -9999 -9999 -9999 -9999 -9999 -9999 -9999 -9999 -9999 6.09965227272727 6.32326558441558 6.16964952651515 6.1472028466483 5.83430273609885 5.51511410365336 6.58411914335664 5.99148110516934 5.46665131118881 6.13319064685315 -9999 -9999 -9999 -9999 -9999 -9999 -9999 -9999 -9999 -9999 -9999 -9999 -9999
0.313106178977273 0.33822177589852 0.395642109090909 0.352338226527571 0.440394696969697 0.466585096870343 0.453017163009404 0.451660765550239 0.412587581168831 0.386652006552007 -9999 -9999 -9999 -9999 -9999 -9999 -9999 -9999 -9999 -9999 -9999 -9999 -9999 -9999 -9999 -9999 -9999 -9999 -9999 -9999 -9999 -9999 -9999 -9999 -9999 -9999 -9999 -9999 -9999 -9999 -9999 -9999 5.11543308341143 5.13829248608534 6.71984132996633 6.49385743801653 6.54844774774775 6.65612938311688 6.67861770334928 6.86421801948052 6.7534113022113 6.7708696969697 6.85363882063882 6.85345677530017 6.95319090909091 6.35030424242424 6.53743069306931 -9999 -9999 -9999 -9999 -9999 -9999 -9999 -9999
0.27312746615087 0.346733039348711 0.372641253443526 0.446033333333333 0.472062720225511 0.344795127272727 0.38881715542522 0.352778061607814 0.34026553030303 0.391226126814362 -9999 -9999 -9999 -9999 -9999 -9999 -9999 -9999 -9999 -9999 -9999 -9999 -9999 -9999 -9999 -9999 -9999 -9999 -9999 -9999 -9999 -9999 -9999 -9999 -9999 -9999 -9999 -9999 -9999 -9999 -9999 -9999 -9999 4.91304077669903 3.62513839364519 4.38543524871355 4.14035994854202 6.2979789184953 6.18631590909091 6.4083582461786 6.34254487603306 6.54310393120393 6.66776039525692 6.47995854231975 6.31490190082645 6.23638757297748 6.50140506003431 -9999 -9999 -9999 -9999 -9999 -9999 -9999 -9999
0.295448659254415 0.315208567691301 0.291247024198823 0.313257030739045 0.273964114832536 0.303606267217631 0.356424431818182 0.48238020979021 0.486903409090909 -9999 -9999 -9999 -9999 -9999 -9999 -9999 -9999 -9999 -9999 -9999 -9999 -9999 -9999 -9999 -9999 -9999 -9999 -9999 -9999 -9999 -9999 -9999 -9999 -9999 -9999 -9999 -9999 -9999 -9999 -9999 -9999 -9999 4.17203548102383 2.81542045454545 2.41331799816345 2.73017620320856 2.81120984848485 2.78905972812235 3.82188798701299 5.00262354312354 5.04133510971787 4.79005941558442 6.29704027113238 5.08144736842105 6.39863336038961 6.58864242424242 6.7650226461039 -9999 -9999 -9999 -9999 -9999 -9999 -9999 -9999
0.2289164004914 0.279892506142506 0.373186176836862 0.356801831262263 0.311681420039814 0.380171883116883 0.322205495251018 0.434104211229947 0.300070963364993 0.334850589868147 0.350528168044077 0.542771496924129 -9999 -9999 -9999 -9999 -9999 -9999 -9999 -9999 -9999 -9999 -9999 -9999 -9999 -9999 -9999 -9999 -9999 -9999 -9999 -9999 -9999 -9999 -9999 -9999 -9999 -9999 -9999 -9999 -9999 -9999 -9999 2.51827954545455 2.56018632193495 3.0233536525974 3.64562426810478 4.19199045454545 4.09715659090909 4.12776448382126 4.08260616078137 4.19357544677545 3.97810528360528 4.26971528213166 3.81685098814229 3.91199920255183 3.74732395256917 3.58417968379447 3.15582022932023 4.20035266716754 3.89532734848485 -9999 -9999 -9999 3.85565859504132
0.266949294184077 0.284257232704403 0.29346451048951 0.284623258559622 0.304228187919463 0.276331404958678 0.312753555967842 0.311556175548589 0.256089274035317 0.289981103896104 0.403154737516005 0.476347207792208 0.535140156965337 -9999 -9999 -9999 -9999 -9999 -9999 -9999 -9999 -9999 -9999 -9999 -9999 -9999 -9999 -9999 -9999 -9999 -9999 -9999 -9999 -9999 -9999 -9999 -9999 -9999 -9999 -9999 -9999 -9999 -9999 -9999 3.38899379509379 3.04970887272727 3.3319511095204 3.4184044709389 3.40207487473157 3.07484440270473 2.72928894545455 2.70790169992609 2.45959581027668 2.53619484848485 2.47486909090909 2.30180598086124 1.72014832104832 2.32091367588933 2.91950501818182 2.65783290758828 2.86154493717664 2.85778865454545 3.18188261818182 3.03556468820436 2.91560326340326
0.27270582226762 0.312317708880715 0.247511308203991 0.277210247933884 0.259807307249712 0.2738168997669 0.298860527859238 0.300892680047226 0.315393820558526 0.344454367201426 0.391956803327392 0.418241558441558 0.466726315789474 0.683004604486423 -9999 0.752460727272727 0.734540121212121 0.718125352112676 -9999 -9999 -9999 -9999 -9999 -9999 -9999 -9999 -9999 -9999 -9999 -9999 -9999 -9999 -9999 -9999 -9999 -9999 -9999 -9999 -9999 -9999 -9999 -9999 -9999 -9999 2.74755041322314 2.96349400826446 2.96197238029146 3.02258814814815 3.06158519283747 2.87495606060606 2.37830548459805 2.30996912096168 2.66923773873186 2.54197873651772 2.56290986132512 2.30620757575758 1.08576516492357 0.744071404958678 1.90692408702409 1.52431889952153 1.8404188034188 1.49580719367589 2.5320944 2.60403141167775 2.01993373205742
0.218836160487557 0.261747130523108 0.273836570247934 0.262740752351097 0.289455276907001 0.344837654958678 0.333028796636889 0.324789893048128 0.325243235930736 0.313988925619835 0.361524573002755 0.425455977961433 0.413750517836594 0.444655460263007 0.445846844238564 0.51858170383076 0.471695633971292 0.568561529199277 0.602278401464307 0.683747561709813 0.866887346437346 0.922578545454545 0.874997198007472 -9999 -9999 -9999 -9999 -9999 -9999 -9999 -9999 -9999 -9999 -9999 -9999 -9999 -9999 -9999 -9999 -9999 -9999 -9999 -9999 -9999 2.17223642999336 2.61282819499341 2.35899704016913 2.22501713286713 2.07621557434813 2.13706152219873 1.93039226914817 1.89162131147541 1.72882272727273 1.7137543219076 1.72765856060606 1.7156884644767 0.709226307320998 1.05668023715415 1.00776248976249 1.54029444027047 0.654563553719008 1.01410712530713 1.69737818181818 1.34107807017544 1.34954408688656
0.189914585414585 0.181120202020202 0.215624530218385 0.21878367768595 0.25546935648621 0.271946935648621 0.279971480519481 0.298922545454545 0.334490961038961 0.343642649350649 0.420385035750766 0.405209616395166 0.373814759358289 0.360556407447974 0.403800501952036 0.408949749023982 0.435685643015521 0.387450492182976 0.413417715617716 0.400868093841642 0.468535664335664 0.518996386946387 0.532615501165501 0.696092266824085 0.648571544209215 0.841040207443563 -9999 -9999 -9999 -9999 -9999 -9999 -9999 -9999 -9999 -9999 -9999 -9999 -9999 -9999 -9999 -9999 -9999 2.18508538461538 1.89794493717664 1.86578939393939 1.69603579098067 1.36873082386364 1.24930497159091 1.04989105571848 1.33274101995565 1.33973414634146 0.692650276679842 0.713260925039872 1.30754921111946 1.31022480739599 0.377746943573668 0.715276880877743 0.67695652173913 1.32540793528505 1.29605034965035 0.301472089314195 0.296640590111643 0.289206918744972 0.280001045856798
0.197046439767129 0.21345955654102 0.239816372462489 0.292676265114196 0.301522473465621 0.292149831649832 0.307969859017987 0.34815219941349 0.331970979020979 0.321906602336211 0.351884865413916 0.373159116302692 0.379466905005107 0.39149606741573 0.390331176168464 0.372223772204807 0.346540989779451 0.369660892953201 0.417411589580011 0.388066684812194 0.469812103281334 0.410585532150776 0.452388968957871 0.428335177865613 0.391973081463991 0.398179895104895 0.421993079178886 0.516210625737898 -9999 -9999 -9999 -9999 -9999 -9999 -9999 -9999 -9999 -9999 -9999 -9999 -9999 -9999 -9999 1.97310664335664 1.26179811188811 1.12137580645161 0.670726521412472 0.644191275659824 0.393213787878788 0.41817696969697 0.402515275707899 0.401996199701937 0.382137114951165 0.40448740685544 0.336766245059289 0.337823320158103 0.30995233201581 0.300862450592885 0.29474766798419 0.237056183456183 0.220121157024793 0.22746525974026 0.184447685950413 0.306107496012759 0.611271383399209
0.163051055579492 0.192474285714286 0.252565566037736 0.310001637225334 0.324651326663767 0.307082628262826 0.355528584350972 0.368578228438228 0.375777484691474 0.392566145833333 0.405418705378391 0.406308417508418 0.441932082732083 0.36466003996004 0.43508226044226 0.358732922444787 0.403783810010215 0.415269578466226 0.392693462717058 0.421492747701736 0.410220271682341 0.43742025974026 0.470280123266564 0.428177622377622 0.454471604278075 0.430059748083242 0.435281161007667 0.418939449035813 0.417561377752682 0.409056098964327 0.432337753329473 0.576757940161105 0.750857501394311 -9999 -9999 -9999 -9999 -9999 -9999 3.07403916083916 2.32545422759059 2.13152798701299 1.58672153110048 1.61333120759837 0.694139393939394 0.669746426092991 0.691424496877169 0.545592990978487 0.491991619318182 0.426646248196248 0.431338797423049 0.438350577200577 0.488918394886364 0.408755127272727 0.373886476333584 0.270852234206471 0.290372803666921 0.37651393442623 0.33399946969697 0.385783431085044 0.3290125 0.352967918858001 0.275791756548536 0.272942093200917 0.394414083457526
0.178333362753751 -9999 -9999 0.269065656565657 0.293575424097434 0.305818881118881 0.323849054905491 0.366024745011087 0.369018905472637 0.371119834710744 0.400190136363636 0.366135524475524 0.378410653409091 0.395814802475012 0.36299623655914 0.310587303199594 0.387712944664032 0.374936163836164 0.319720326864147 0.349557370313302 0.369579162410623 0.411467089893347 0.378077714285714 0.402576342975207 0.408158545454545 0.397463847780127 0.409179809725159 0.392776631016043 0.406049704142012 0.395823548740416 0.396655820399113 0.406485331846068 0.420557982261641 0.435675867768595 -9999 -9999 -9999 -9999 -9999 -9999 2.46165900826446 1.90695228684359 0.885212080536913 0.782942586943258 0.567564250614251 0.506560844155844 0.575940972222222 0.566861057382334 0.543264350649351 0.603502432778489 0.571555072463768 0.578398023715415 0.559672395487724 0.441592097902098 0.443255524475524 0.423925944055944 0.383819673295455 0.41434993006993 0.422475174825175 0.500057530529172 0.453268457300275 0.451975275482094 0.443720110192837 0.424793706293706 0.444929225589226
0.179954410441044 0.185007055630936 -9999 -9999 -9999 0.246281728172817 0.282220036182723 0.319375190326914 0.331813121361397 0.355199238692342 0.378291175166297 0.383913930348259 0.401794136363636 0.391671619750808 0.365836920222634 0.381382291666667 0.418195336787565 0.368016577540107 0.340876323676324 0.285010272213662 0.35034691109995 0.414165909090909 0.356327425088878 0.350203472931563 0.354562614913177 0.307518926103137 0.326454915433404 0.361663533057851 0.375764204545455 0.343593604651163 0.353616754756871 0.413991276931161 0.438682921702575 0.463736206896552 -9999 -9999 -9999 -9999 -9999 -9999 1.38975922381712 0.863613409090909 0.548908391608392 0.553238879359634 0.506308021390374 0.573936421911422 0.489100123685838 0.515499508599509 0.515957884972171 0.57113696969697 0.514708338557994 0.571251311775473 0.497103115066751 0.480554287556415 0.440713438735178 0.463442875564152 0.456543520309478 0.456332559638943 0.463564017800381 0.461688684043229 0.473151792573624 0.476250946969697 0.459600684931507 0.524093166963755 0.534864593301435
