birds/birdscnrm-cm3_run1bwd.asc
NCOLS 255 
NROWS 267 
XLLCORNER -16100344 
YLLCORNER -6047616 
CELLSIZE 50000 
NODATA_value -9999 
[rows 0 to 28 of 267, columns 130 to 194 of 255]
-9999 -9999 -9999 -9999 -9999 -9999 -9999 -9999 -9999 -9999 -9999 -9999 -9999 -9999 -9999 -9999 -9999 -9999 -9999 -9999 -9999 -9999 1.88856742424242 -9999 -9999 1.78188493894166 1.17630184899846 1.85727575757576 0.0156739811912226 1.19897333333333 0.0308166409861325 0.139352850539291 0.0308166409861325 0.125050385208012 0.251596920821114 0.245269794721408 0.222393293591654 0.330689033189033 0.332677200577201 0.236471260997067 0.0807337878787879 0.232043988269795 2.13911246334311 0.221489002932551 1.33562518628912 0.219478152492669 2.21244314574315 2.21607215909091 1.42491495601173 2.27271292613636 2.34405397727273 2.33629566433566 2.34794147727273 2.36449460227273 2.42479346590909 2.42417575757576 2.4800258953168 2.47578522727273 2.49894943181818 2.52393664772727 2.53801079545455 2.82374327784891 2.87523560606061 2.9159625 2.96005858585859
-9999 -9999 -9999 -9999 -9999 -9999 -9999 -9999 -9999 -9999 -9999 1.66974769433465 1.63770108548168 1.69271884057971 1.67905848032564 1.64522713903743 1.68844363636364 1.71197067861716 1.65176443850267 1.67822075983718 0.0490312121212121 0.068872131147541 0.111271572871573 0.18247486631016 -9999 0.343834699103713 0.322788988476312 0.0721500721500721 1.90373317591499 0.319818555417186 0.474127515151515 0.419623955773956 0.174787878787879 0.0937950937950938 0.0967836940836941 0.161718759018759 0.0912718614718615 0.144363347763348 0.142033137829912 0.160623376623377 0.104187096774194 0.154980979020979 0.111213708513709 0.198147412587413 0.171607102272727 2.29064084848485 2.3137726076555 -9999 -9999 -9999 -9999 -9999 -9999 -9999 -9999 -9999 -9999 -9999 -9999 -9999 -9999 -9999 -9999 -9999 -9999
-9999 -9999 -9999 -9999 -9999 -9999 -9999 1.58752152406417 1.5272128342246 -9999 -9999 -9999 -9999 -9999 -9999 -9999 -9999 -9999 -9999 -9999 -9999 -9999 -9999 1.79773503030303 1.84905230224321 1.78161466666667 1.80650406698565 1.88284696969697 1.89914813519814 1.91161107226107 1.79250098280098 1.84254127764128 1.2220779040404 1.79362727272727 1.24806056149733 1.83136699875467 1.8342295143213 1.23060080213904 1.30063701298701 0.0983722943722944 1.34753989145183 2.02898914141414 -9999 -9999 -9999 -9999 -9999 -9999 -9999 -9999 -9999 -9999 -9999 -9999 -9999 -9999 -9999 -9999 -9999 -9999 -9999 -9999 -9999 -9999 -9999
2.08131804613297 2.05555337662338 2.0619325974026 -9999 -9999 -9999 -9999 -9999 2.79576844919786 2.16764558823529 2.2236223880597 -9999 -9999 -9999 1.63459750933998 1.6149496886675 1.63487727272727 1.70773823163138 1.61697932752179 1.63244694894147 -9999 -9999 -9999 -9999 -9999 -9999 -9999 1.90873498273878 1.91734114219114 1.77534889434889 1.87456030729834 1.29758345959596 0.350629036635007 0.337662415196744 0.254007327001357 1.85571388888889 1.89696854066986 1.97911054545455 -9999 -9999 -9999 -9999 -9999 -9999 -9999 -9999 -9999 -9999 -9999 -9999 -9999 -9999 -9999 -9999 -9999 -9999 -9999 -9999 -9999 -9999 -9999 -9999 -9999 -9999 -9999
-9999 -9999 -9999 -9999 -9999 -9999 -9999 -9999 -9999 -9999 -9999 -9999 -9999 -9999 -9999 -9999 -9999 -9999 -9999 -9999 -9999 -9999 -9999 -9999 3.66288449197861 3.72983882352941 -9999 -9999 -9999 -9999 -9999 -9999 -9999 -9999 -9999 -9999 -9999 -9999 -9999 -9999 -9999 -9999 -9999 -9999 -9999 -9999 -9999 -9999 -9999 -9999 -9999 -9999 -9999 -9999 -9999 -9999 -9999 -9999 -9999 -9999 -9999 -9999 -9999 -9999 -9999
1.27039976076555 1.23323074162679 1.27107438016529 1.28814226044226 1.31327966507177 -9999 -9999 -9999 -9999 -9999 -9999 -9999 -9999 -9999 -9999 -9999 -9999 -9999 -9999 -9999 2.65607920454545 1.80462327272727 2.76153824833703 3.44986608784474 2.82655809822362 1.91241890909091 -9999 -9999 1.97711974025974 2.67613284848485 2.61725265643447 1.95333751600512 1.32136441558442 1.30709844155844 1.86303415584416 1.87817409713574 1.88409389788294 -9999 2.67072842347526 1.98874593939394 2.7410169159954 1.97374258373206 2.04347613636364 2.0304472027972 2.03048939393939 -9999 -9999 -9999 -9999 -9999 -9999 -9999 -9999 -9999 -9999 -9999 -9999 -9999 -9999 -9999 -9999 -9999 -9999 -9999 -9999
-9999 1.23003974358974 1.21851170454545 -9999 -9999 -9999 -9999 -9999 1.33204914004914 1.34145012626263 -9999 -9999 -9999 -9999 -9999 -9999 -9999 -9999 -9999 3.85921849894292 3.43812727272727 2.85365430932704 2.74932991944764 3.54426385281385 3.57112781385281 3.61451774370208 -9999 5.00749278350515 5.60421307977736 3.68082868686869 2.50900633971292 4.15540410199557 3.51030968122786 2.617904 3.4927066518847 1.89162866161616 1.88511426767677 1.88143374844334 1.87620782828283 1.27460517676768 1.31083472222222 0.231779897567222 0.210331882202305 1.26027759282971 1.24368015364917 0.127893412384717 1.24085038961039 1.946042997543 0.147881684491979 -9999 -9999 -9999 -9999 -9999 -9999 -9999 -9999 -9999 -9999 -9999 -9999 -9999 -9999 -9999 -9999
-9999 -9999 -9999 -9999 -9999 -9999 1.22885364758698 1.24967590909091 1.57541252771619 0.897000909090909 0.911877532467532 0.0531424242424242 -9999 -9999 -9999 -9999 -9999 -9999 -9999 -9999 -9999 -9999 4.67190516746412 4.91754229665072 4.88993730084349 2.785895995671 2.44514784090909 1.79919693034238 3.51973953488372 2.49120195627158 2.54138872266974 2.52590477855478 2.49930230149597 2.52950644418872 2.53584303797468 2.55024798619102 2.44850885167464 2.69617194163861 2.66522467532468 4.24473488372093 3.57813562367865 2.59941624242424 2.63817397727273 1.95174775928297 1.94887997542998 1.92819861111111 1.29766350649351 2.68350812121212 0.139067662337662 0.122826877470356 0.137962483994878 1.21707133838384 0.0909090909090909 0.10421987012987 0.0891786561264822 0.0735328063241107 -9999 -9999 -9999 -9999 -9999 -9999 -9999 -9999 -9999
-9999 -9999 1.30271168831169 1.86457182817183 1.11658625792812 1.35294681295716 -9999 -9999 -9999 -9999 2.19922669245648 2.25641779904306 1.89616146245059 1.43179626262626 1.41110465116279 1.14522168674699 1.62518327721661 -9999 -9999 -9999 -9999 -9999 -9999 -9999 -9999 -9999 -9999 -9999 4.92827966764418 2.4615504027618 2.46292715765247 2.56258079545455 3.34993443850267 4.84420625610948 -9999 -9999 -9999 -9999 -9999 -9999 -9999 -9999 -9999 -9999 -9999 4.48030656565657 5.38638114832536 4.44817102897103 6.40524878487849 4.33436458773784 2.65770920454545 4.28402365826944 2.68238564593301 2.02630110565111 2.04858530510585 1.20360307298335 0.0527009222661397 1.24281712779974 2.04805883116883 3.87649240506329 3.98703839712919 -9999 -9999 -9999 -9999
-9999 -9999 -9999 1.80956461675579 1.733483 -9999 -9999 -9999 -9999 -9999 1.98643827272727 2.58029005681818 2.14901848151848 2.54896084710744 2.3308566353187 2.38531529411765 1.77681396895787 2.45732716701903 2.98649747474748 3.0624087944664 4.21883743890518 4.43216771799629 -9999 -9999 -9999 -9999 -9999 3.92672179627601 1.92419184149184 4.02752142857143 4.64712909090909 3.28089472502806 1.83606621621622 -9999 -9999 -9999 -9999 -9999 -9999 -9999 -9999 -9999 -9999 -9999 -9999 -9999 -9999 -9999 -9999 -9999 -9999 6.95744520884521 6.90663900826446 2.00361293706294 5.51881298701299 5.25185465116279 1.98523866666667 2.75168945454545 1.23645597402597 2.01619339975093 1.23847167325428 2.04576650062267 1.23914558441558 -9999 -9999
2.20660622895623 2.25953958677686 2.2838023352794 1.8453005785124 2.31869890572391 1.61902348484849 1.88881389365352 2.51579541501976 2.04533396694215 2.37688626893939 2.23580245989305 2.26682196118488 2.2894037962038 2.27633187042842 2.32707978609626 2.3611579004329 2.33455761363636 1.63145454545455 2.90438672114402 1.69345885167464 1.73691426927503 2.46683246753247 3.90470981404959 3.90602831439394 3.96201903409091 3.57977763023493 3.66649655172414 3.63300847803881 4.20056402321083 3.57046299465241 4.65099598308668 2.0254375 2.13684287469287 2.55448715909091 -9999 -9999 -9999 -9999 -9999 -9999 -9999 -9999 -9999 -9999 -9999 -9999 -9999 -9999 -9999 -9999 -9999 -9999 6.25981619834711 6.99999561688312 6.39236638865721 -9999 5.38053213957759 5.45361152993348 2.76341381345927 1.94545781818182 2.8114398034398 1.26470094979647 1.23848932806324 0.00668449197860963 0.0133689839572193
2.12749787595582 2.15013865760408 2.19402710120069 2.20295078671329 2.2100674688057 2.49952387425658 2.38346433566434 2.28361882460973 2.28391406698565 2.22871448551449 2.25283088842975 2.23583847780127 2.19021563192905 2.16729805194805 2.31782215256008 2.23300140692641 2.2314881922675 2.87033373493976 2.90328646694215 3.00828770661157 3.6700895256917 3.20999286412512 3.26738132942326 4.06331719171917 4.22687974025974 -9999 -9999 -9999 -9999 -9999 -9999 -9999 -9999 -9999 -9999 -9999 -9999 -9999 -9999 -9999 -9999 -9999 -9999 -9999 -9999 -9999 -9999 -9999 -9999 -9999 5.7920716017316 5.82331252144082 5.8382387012987 5.84633092691622 5.92795333333333 6.66407547169811 6.02049283216783 5.72577940630798 5.7763244611059 5.36996802139037 5.96524845360825 -9999 -9999 -9999 -9999
2.06099759862779 2.09170824129142 2.09871989708405 2.15049220779221 2.20538627787307 2.35991021645022 2.39600329004329 2.43434337662338 2.45182929292929 2.43559641873278 2.46633162878788 2.45511505376344 3.22481953578337 2.99448556701031 2.75978398760331 3.43932241014799 2.97157478005865 3.14629621212121 3.65672595837897 3.00374458874459 2.67157345041322 4.08774995112414 4.63815118755119 4.66133603305785 -9999 -9999 4.90092973661852 4.93016595365419 5.03811685950413 4.39582535353535 -9999 -9999 -9999 -9999 -9999 -9999 -9999 -9999 -9999 -9999 -9999 -9999 -9999 3.41623778751369 3.89347317073171 3.92622575757576 4.19684535240041 5.52691730205279 5.46923958333333 5.45832159090909 5.4772195215311 4.82458580931264 4.74430085561497 4.76241469344609 -9999 4.42750335497835 2.78605798525799 1.21318961038961 1.2559487483531 1.2554627140975 1.24260961038961 1.26414428571429 5.63908050505051 -9999 -9999
2.39149897233202 2.16956395256917 2.19759322169059 2.26029992025518 2.28095998376623 2.55568608205953 2.58879011164274 2.63013569641368 2.6286779338843 2.64184035683942 2.7343316017316 2.71343316017316 2.78826103896104 2.56224439071567 2.80313388429752 2.91756401515152 3.41122746411483 3.08820387038704 -9999 -9999 -9999 -9999 -9999 -9999 -9999 -9999 4.88747812781278 4.80429643861293 4.55880421743205 4.33690454545455 -9999 -9999 -9999 4.84396146694215 5.66650496719775 -9999 -9999 -9999 -9999 -9999 -9999 -9999 -9999 -9999 -9999 -9999 -9999 -9999 -9999 -9999 -9999 -9999 3.94400492880613 2.70859889434889 2.76795267745953 3.6690012987013 3.59906240179573 3.71644114219114 1.25258012987013 0.0404938961038961 0.0263504611330698 0.00668449197860963 0.00658761528326746 0.00918324675324675 0
1.27470600343053 1.88371678951679 1.41505694214876 1.57473762626263 1.88531 2.00843841113841 1.46733364485981 1.88158977272727 1.50057247238743 1.50485445719329 1.92965965367965 2.5701414983165 2.65664176672384 2.70062121212121 2.5411712962963 2.56990781818182 -9999 -9999 -9999 -9999 -9999 -9999 -9999 -9999 -9999 -9999 -9999 -9999 -9999 -9999 -9999 -9999 -9999 -9999 -9999 -9999 -9999 -9999 -9999 -9999 -9999 -9999 -9999 -9999 -9999 -9999 -9999 -9999 -9999 -9999 -9999 -9999 -9999 -9999 -9999 -9999 1.98938220779221 0.01590395256917 0.012987012987013 0.0131752305665349 3.88430966628308 4.83586790799562 3.02021866666667 -9999 -9999
1.52945146103896 1.2372531986532 1.45461883701884 1.27443308080808 1.44251223140496 1.49012869057548 1.51659595041322 1.56711959966639 1.72728762626263 1.58506034632035 1.69090067340067 1.64951661157025 1.965486760812 1.63688943722944 -9999 -9999 -9999 -9999 -9999 -9999 -9999 -9999 -9999 -9999 -9999 -9999 -9999 -9999 -9999 -9999 -9999 4.95731521152115 5.51917097902098 -9999 -9999 -9999 -9999 -9999 -9999 -9999 -9999 -9999 -9999 -9999 -9999 -9999 -9999 -9999 -9999 -9999 -9999 -9999 -9999 -9999 -9999 -9999 -9999 -9999 -9999 2.88256388206388 1.27670454545455 0.0345930800542741 0 -9999 -9999
1.67574916996047 1.73107641065831 1.73962049306626 2.18693235747304 1.47521297591298 1.5391296969697 1.65324300993125 1.81710118577075 1.44881937799043 1.60214996114996 1.66742131661442 -9999 -9999 -9999 -9999 -9999 -9999 -9999 -9999 -9999 -9999 -9999 -9999 -9999 -9999 -9999 -9999 -9999 -9999 -9999 -9999 -9999 -9999 -9999 -9999 -9999 -9999 -9999 -9999 -9999 -9999 -9999 5.82608692022264 6.26218535353535 6.00929111570248 6.09653970741902 6.27689350649351 4.94465431818182 6.29496014799154 5.00340340909091 3.62652922899885 3.00678904428904 -9999 -9999 -9999 -9999 -9999 -9999 -9999 -9999 -9999 -9999 -9999 -9999 -9999
1.50373927827897 1.28954263565891 0.895340771349862 0.811806923076923 0.831957575757576 1.18282272727273 1.04604455296769 1.41211607813674 1.58124848484848 1.90491818181818 -9999 -9999 -9999 -9999 -9999 -9999 -9999 -9999 -9999 -9999 -9999 -9999 -9999 -9999 -9999 -9999 -9999 -9999 -9999 -9999 -9999 -9999 -9999 -9999 -9999 -9999 -9999 -9999 -9999 -9999 -9999 -9999 6.58194 6.64822663636364 6.47233981818182 6.80653580131209 6.88042652296157 6.95188285984849 6.76476679425837 6.91176471163245 6.955496285435 6.99553782991202 7.16185154845155 6.42247530864198 7.00060750528541 6.78939 7.16263115299335 -9999 -9999 -9999 -9999 -9999 -9999 -9999 -9999
0.660555834464043 0.547664204545455 0.697765198863636 0.719314755244755 0.734088672438672 0.755865855404438 0.916241051136364 0.932605496828753 1.07418 0.981202362204724 -9999 -9999 -9999 -9999 -9999 -9999 -9999 -9999 -9999 -9999 -9999 -9999 -9999 -9999 -9999 -9999 -9999 -9999 -9999 -9999 -9999 -9999 -9999 -9999 -9999 -9999 -9999 -9999 -9999 -9999 -9999 -9999 -9999 6.09248351741716 5.47364727272727 5.57208668503214 5.7836854912764 5.92392835283528 5.79491618181818 6.09390504050405 6.34591085343228 6.613973 6.64431671258035 7.03387199265381 7.50144248608534 6.604064784689 7.2610503868472 -9999 -9999 -9999 -9999 -9999 -9999 -9999 -9999
0.330438293897883 0.621442929292929 0.60895447761194 0.609979850746269 0.629688858509911 0.678271223513329 0.745328409090909 0.743156498316498 0.735678877005348 -9999 -9999 -9999 -9999 -9999 -9999 -9999 -9999 -9999 -9999 -9999 -9999 -9999 -9999 -9999 -9999 -9999 -9999 -9999 -9999 -9999 -9999 -9999 -9999 -9999 -9999 -9999 -9999 -9999 -9999 -9999 -9999 -9999 4.90501638078902 4.3726916017316 4.48984012237762 4.67570900264784 5.34308463636364 4.72692045454545 4.75216849684969 5.70279558955896 5.8070402340234 5.71637486631016 6.11711978609626 5.91172059369202 6.34306354453627 6.20840009372071 6.07637684210526 -9999 -9999 -9999 -9999 -9999 -9999 -9999 -9999
0.309334150717703 0.301470331695332 0.304912597402597 0.297567756703728 0.216523195187166 0.356672990777339 0.447971333775713 0.419554272043746 0.774192062415197 0.824899270072993 0.80989131614654 0.816614276094276 -9999 -9999 -9999 -9999 -9999 -9999 -9999 -9999 -9999 -9999 -9999 -9999 -9999 -9999 -9999 -9999 -9999 -9999 -9999 -9999 -9999 -9999 -9999 -9999 -9999 -9999 -9999 -9999 -9999 -9999 -9999 3.58752157024793 3.61788347107438 3.86239307359307 4.15402008658009 4.46297570247934 4.45544619834711 5.10009803921569 4.35878793879388 4.87727254545455 4.91218003565062 4.18490615243343 5.24926111611161 5.20000714916152 5.51514545454545 5.27239116883117 6.11904018181818 5.75739021645022 5.46734854045038 -9999 -9999 -9999 6.03901546391753
0.257714979988565 0.245600891265597 0.234167321867322 0.212511768368618 0.328903322884013 0.340682263191354 0.346818437900128 0.369176208897486 0.306881004070556 0.356019986631016 0.327105126452495 0.327594972451791 0.368957006151743 -9999 -9999 -9999 -9999 -9999 -9999 -9999 -9999 -9999 -9999 -9999 -9999 -9999 -9999 -9999 -9999 -9999 -9999 -9999 -9999 -9999 -9999 -9999 -9999 -9999 -9999 -9999 -9999 -9999 -9999 -9999 2.36311857366771 2.95647919876733 3.26080318979266 3.33131371340524 3.53511617873652 3.61856842105263 3.19647280632411 3.50131244019139 3.04295305944056 3.05372684791844 3.21327026338148 3.23814103653356 3.71428384819064 2.8790625 4.05091411483254 4.96294698310539 3.87642264890282 4.7911825951826 4.100125 5.23929393939394 4.91977058823529
0.239772835497835 0.221332590051458 0.250141337907376 0.244737179487179 0.276888413547237 0.248280303030303 0.291104666666667 0.286527090909091 0.280393711083437 0.301790597758406 0.250944081098757 0.298897055057618 0.334595677050223 0.281486493506494 -9999 0.316103227931489 0.324576310550763 0.328213536828135 -9999 -9999 -9999 -9999 -9999 -9999 -9999 -9999 -9999 -9999 -9999 -9999 -9999 -9999 -9999 -9999 -9999 -9999 -9999 -9999 -9999 -9999 -9999 -9999 -9999 -9999 2.33072470674487 3.0366666157372 2.62113475935829 2.3197987776929 2.45997856060606 2.20627078477078 2.00527739130435 1.89258134387352 2.46805738636364 2.15113314049587 2.54170343980344 3.14569778656126 2.59017575757576 2.11872627189324 2.2076211323764 2.22655033057851 3.29779883449883 3.16319742558327 4.04227769289534 3.58604614791988 3.08309946524064
0.228252311688312 0.206196119085593 0.19994605334785 0.215426451259584 0.21881438929169 0.249972228381375 0.265031046312178 0.252768500289519 0.27456243567753 0.272939873417722 0.266546167557932 0.284641806220096 0.306853521974714 0.286203575757576 0.29345257985258 0.340434060606061 0.32918970959596 0.290984891165173 0.3468771446863 0.398397202797203 0.342001061712011 0.390458600392413 0.343315744400527 -9999 -9999 -9999 -9999 -9999 -9999 -9999 -9999 -9999 -9999 -9999 -9999 -9999 -9999 -9999 -9999 -9999 -9999 -9999 -9999 -9999 1.39919002217295 2.05868430397727 2.12652856060606 2.16742475171887 2.22418212634823 2.30601068181818 2.17443834988541 2.04980648221344 1.66981078037007 1.99287723177723 2.02223732904264 2.01203840125392 1.66919459459459 1.61016024793388 1.79099147727273 2.70969910581222 1.70787016528926 1.40606818181818 2.09584346092504 2.06740381493506 2.39326601146601
0.237836744407425 0.259633014354067 0.185536313131313 0.211788392398562 0.224798037190083 0.239643792207792 0.237305594405594 0.246134022863364 0.273973430735931 0.301405248917749 0.295464135254989 0.308044567627494 0.309867080745342 0.290048027444254 0.291798251748252 0.323286041055718 0.27485221291866 0.291358023184869 0.300920655534941 0.327181508967223 0.323487671232877 0.384077489177489 0.400564803439803 0.336465705329154 0.296566298701299 0.293365064935065 -9999 -9999 -9999 -9999 -9999 -9999 -9999 -9999 -9999 -9999 -9999 -9999 -9999 -9999 -9999 -9999 -9999 1.14795170454545 1.05801174242424 1.15448459804658 1.37416925351072 1.41196986803519 1.31683185574756 1.25562459016393 1.55194761549925 1.58221446969697 0.696117613636364 0.533041582491583 1.26164922958398 1.28126241405653 0.661328016528926 0.897299356395817 1.30731998432602 1.40915958747135 1.23669541569542 1.12714664031621 0.985507118353345 1.21273532695375 1.57222175324675
0.20841914600551 0.225778297682709 0.272771390374332 0.309820320855615 0.299949814471243 0.269009477756286 0.213022471910112 0.243493194805195 0.257127220480669 0.282912486938349 0.29045922228061 0.312919600630583 0.306833422459893 0.291408378970427 0.306278641840088 0.303774859708193 0.276645340909091 0.303975431530495 0.286596835443038 0.288119824046921 0.387994962362478 0.3451379784689 0.371963878787879 0.357871636363636 0.335096034167175 0.270466477272727 0.314046018808777 0.434298567870486 -9999 -9999 -9999 -9999 -9999 -9999 -9999 -9999 -9999 -9999 -9999 -9999 -9999 -9999 -9999 0.633094472727273 0.445575535846268 0.581690007513148 0.658515101427498 0.867875882794891 0.955147407963937 0.970162891207153 0.382311520376176 0.655133590138675 0.441220397249809 0.451510909090909 0.614333644133644 0.741409466566491 0.6334995215311 0.250031487603306 0.30480131040131 0.23860658882402 0.194934048027444 0.270158842975207 0.184431732418525 0.575842526964561 0.77589302507837
0.157725202520252 0.168721619176843 0.214664863636364 0.292482937751903 0.303150176522507 0.313270204436712 0.321122342831298 0.319338068181818 0.317467106549365 0.323605335968379 0.327374334505274 0.261614493506494 0.292364207792208 0.263232159747767 0.312413953488372 0.276577735438215 0.3134670995671 0.290746005509642 0.307644903581267 0.304038125 0.336079068462402 0.310121040594625 0.320529299363057 0.363778193325662 0.362758768328446 0.342538205585264 0.360088199879591 0.322415393939394 0.299442300556586 0.306819533169533 0.470799324324324 0.669866507177033 0.679418003565062 -9999 -9999 -9999 -9999 -9999 -9999 0.998234090909091 0.741436016655101 0.637739000693962 0.670127133934767 0.725306473829201 0.583758917418459 0.716843323863636 0.831175461380725 0.587207832167832 0.758076433566434 0.450409527272727 0.443440249266862 0.4698768 0.461737903225806 0.469124314574315 0.372058288770053 0.230646672077922 0.267714194577352 0.326352115987461 0.255568458498024 0.312579953379953 0.216816653258246 0.30882539184953 0.2996195256917 0.187835785123967 0.470448407148407
0.175469849246231 -9999 -9999 0.264334079929732 0.264424545454545 0.273635880544576 0.292978262826283 0.307677863636364 0.322654637748039 0.358249607752653 0.344328081865778 0.294376778656126 0.266467824310521 0.267968801652893 0.220299211770888 0.220820010758472 0.281466932482722 0.259372673796791 0.230520755750274 0.253893467610234 0.280924550898204 0.304509199782254 0.328712267250821 0.346027656078861 0.349579323725055 0.289254659805603 0.318029674099485 0.307876812428078 0.317911761363636 0.369547215909091 0.329763812316716 0.388891829689298 0.420444596912521 0.537589281705948 -9999 -9999 -9999 -9999 -9999 -9999 0.714717523923445 0.653948996458087 0.550752525252525 0.561333947870312 0.646144848484849 0.551834545454545 0.554868642951252 0.551832820855615 0.598107221147647 0.591207896483079 0.464489275568182 0.51910027758501 0.450645313601128 0.42387378435518 0.440105384615385 0.401827130681818 0.346819781818182 0.344281381818182 0.350212220566319 0.379094428152493 0.284556625577812 0.282557295645531 0.263300621600622 0.309330481283422 0.295028775356875
0.176578849721707 0.167851941525811 -9999 -9999 -9999 0.248441916703986 0.262301272727273 0.301822772727273 0.315404499540863 0.345529727272727 0.338058818181818 0.288919067599068 0.285485340314136 0.291419432419432 0.285264619164619 0.284403766951281 0.329338661338661 0.286120684371808 0.264076175548589 0.246584460887949 0.277764529689963 0.289665317919075 0.271029465240642 0.262333387445887 0.298477647058824 0.311498009682625 0.316432389765923 0.328849134199134 0.325850109529025 0.339667743702081 0.35551730558598 0.349933592017738 0.38969008762322 0.452239752555137 -9999 -9999 -9999 -9999 -9999 -9999 0.575759756097561 0.55072343308865 0.50592790165809 0.571566818181818 0.546205288175876 0.607087529137529 0.555518909090909 0.484518623737374 0.533670547945206 0.553555423197492 0.568781253918495 0.522778040973111 0.414061859193438 0.411127203856749 0.347805708245243 0.378714475524476 0.315607741477273 0.282637950937951 0.337692882311487 0.325092412312097 0.329422301136364 0.343300352360817 0.274837963636364 0.337774573863636 0.310003865425913
