climate/climateinm-cm3.0_run1bwd.asc
NCOLS 255 
NROWS 267 
XLLCORNER -16100344 
YLLCORNER -6047616 
CELLSIZE 50000 
NODATA_value -9999 
[rows 0 to 28 of 267, columns 132 to 197 of 255]
-9999 -9999 -9999 -9999 -9999 -9999 -9999 -9999 -9999 -9999 -9999 -9999 -9999 -9999 -9999 -9999 -9999 -9999 -9999 -9999 0.997056746411483 -9999 -9999 1.94724361799816 3.67887717601547 2.97901965105601 4.68297676767677 3.38174554730983 1.66843392461197 0.657931818181818 3.07705306818182 0.875244628099174 4.27513982213439 7.311945087236 3.29962451093211 8.8516638277512 8.80317765957447 4.75345750988142 2.79632579281184 3.66016983471074 3.75610649350649 3.83725085227273 2.69825227272727 3.46103928170595 2.93517114164905 3.59871636363636 2.72042672176309 3.24822045454545 1.97872318181818 2.25589254545455 2.75749765698219 3.27780431115276 3.43862249297095 2.40607432052484 2.13739693779904 2.77662479338843 3.03175693296602 2.93013406795225 3.45656019955654 3.63401772268136 3.73206298701299 3.76604890909091 4.36715381818182 -9999 -9999 -9999
-9999 -9999 -9999 -9999 -9999 -9999 -9999 -9999 -9999 1.767964 1.91107527272727 2.19624272727273 2.28591472727273 2.80166272727273 2.57992090909091 2.41403481818182 2.099466 1.82051409090909 4.10589254545455 4.78057472727273 2.74463518181818 1.52084590909091 -9999 1.376403 1.37561045454545 1.89214281818182 1.85376863636364 1.79231381818182 2.40785490909091 2.01943627272727 2.63975281818182 1.85234481818182 1.91553645454545 2.77872390909091 2.60662336363636 2.18688290909091 3.14389182736455 2.97314864603482 2.86071150278293 2.07855472727273 1.93648027272727 1.83219618181818 1.93085572727273 2.14529027272727 2.28323054545455 -9999 -9999 -9999 -9999 -9999 -9999 -9999 -9999 -9999 -9999 -9999 -9999 -9999 -9999 -9999 -9999 -9999 -9999 -9999 -9999 -9999
-9999 -9999 -9999 -9999 -9999 2.35692409090909 3.29001972727273 -9999 -9999 -9999 -9999 -9999 -9999 -9999 -9999 -9999 -9999 -9999 -9999 -9999 -9999 1.40862545454545 1.62214527272727 1.178462 1.66737627272727 2.00082772727273 2.10638263636364 2.01589181818182 1.43669281818182 1.478868 1.58265963636364 1.69848809090909 1.76193590909091 2.22314454545455 1.952613 1.90208018181818 1.72488772727273 1.29925618181818 1.54435181818182 1.71719436363636 -9999 -9999 -9999 -9999 -9999 -9999 -9999 -9999 -9999 -9999 -9999 -9999 -9999 -9999 -9999 -9999 -9999 -9999 -9999 -9999 -9999 -9999 -9999 -9999 -9999 -9999
12.2420247159091 -9999 -9999 -9999 -9999 -9999 15.2122404958678 15.0341236914601 13.0652338589981 -9999 -9999 -9999 2.73036972727273 3.235878 3.00675672727273 2.59236572727273 2.167569 1.88813318181818 -9999 -9999 -9999 -9999 -9999 -9999 -9999 2.31760545454545 2.069713 1.49578954545455 1.10655863636364 0.997515363636364 2.32559653233365 1.639476 1.31496054545455 3.15334472727273 2.31977490909091 2.50399636363636 -9999 -9999 -9999 -9999 -9999 -9999 -9999 -9999 -9999 -9999 -9999 -9999 -9999 -9999 -9999 -9999 -9999 -9999 -9999 -9999 -9999 -9999 -9999 -9999 -9999 -9999 -9999 -9999 -9999 -9999
-9999 -9999 -9999 -9999 -9999 -9999 -9999 -9999 -9999 -9999 -9999 -9999 -9999 -9999 -9999 -9999 -9999 -9999 -9999 -9999 -9999 -9999 12.5598875454545 11.2533986363636 -9999 -9999 -9999 -9999 -9999 -9999 -9999 -9999 -9999 -9999 -9999 -9999 -9999 -9999 -9999 -9999 -9999 -9999 -9999 -9999 -9999 -9999 -9999 -9999 -9999 -9999 -9999 -9999 -9999 -9999 -9999 -9999 -9999 -9999 -9999 -9999 -9999 -9999 -9999 -9999 -9999 -9999
2.19990454545455 2.32918772727273 2.06110245454545 -9999 -9999 -9999 -9999 -9999 -9999 -9999 -9999 -9999 -9999 -9999 -9999 -9999 -9999 -9999 16.8815067272727 11.5539680909091 17.2884502727273 13.5321761818182 16.0012600909091 9.75793072727273 -9999 -9999 7.36307662337662 6.64768163636364 6.40372727272727 6.38658236363636 5.65212381818182 5.52285872727273 4.61094463636364 5.21968245454545 4.98501454545455 -9999 12.0855153636364 8.84153090909091 11.1854752727273 8.87966827272727 9.85145945454546 9.11255663636364 5.97483927272727 -9999 -9999 -9999 -9999 -9999 -9999 -9999 -9999 -9999 -9999 -9999 -9999 -9999 -9999 -9999 -9999 -9999 -9999 -9999 -9999 -9999 -9999 -9999
1.68551372727273 -9999 -9999 -9999 -9999 -9999 5.57285645454545 6.24038981818182 -9999 -9999 -9999 -9999 -9999 -9999 -9999 -9999 -9999 15.4758337272727 14.5745977272727 13.3076898181818 13.1568604545455 15.2350582727273 13.7306287272727 13.6821420909091 -9999 12.482375 13.2813275454545 10.4675377272727 6.45484327272727 8.41192627272727 5.98364254545455 5.738094 5.40988872727273 4.84925872727273 4.72046590909091 4.73149281818182 3.14866063636364 4.10983958944282 3.63967141518276 8.01912633552015 4.75335301435407 2.91502909090909 3.07392221180881 2.76618509090909 2.27954245454545 3.59095372727273 2.76989618768328 -9999 -9999 -9999 -9999 -9999 -9999 -9999 -9999 -9999 -9999 -9999 -9999 -9999 -9999 -9999 -9999 -9999 -9999 -9999
-9999 -9999 -9999 -9999 1.30187027272727 1.11116809090909 4.82088109090909 7.50133118181818 7.561001 7.32088 -9999 -9999 -9999 -9999 -9999 -9999 -9999 -9999 -9999 -9999 13.9668132727273 15.3078193636364 14.5095640909091 7.125352 8.60536309090909 6.44901809090909 8.486974 7.32141009090909 7.411859 6.39818072727273 6.21148381818182 8.00889227272727 5.56187454545455 6.97290672727273 5.37357627272727 7.71770290909091 8.36365645454545 6.86401309090909 7.67306454545455 3.47197063636364 4.45082772727273 2.91312745454545 2.97474890909091 2.59097663636364 2.92872790909091 3.06646481818182 5.04897263450835 2.41483575757576 2.00261054545455 1.79652318181818 1.53291454545455 1.32885845454545 1.18703691460055 3.02114627170582 -9999 -9999 -9999 -9999 -9999 -9999 -9999 -9999 -9999 -9999 -9999 -9999
1.04214545454545 1.03153118181818 1.09441427272727 1.09243954545455 -9999 -9999 -9999 -9999 1.39431818181818 1.46750636363636 1.24361263636364 4.11855245454545 5.32801081818182 9.08184 8.92938481818182 -9999 -9999 -9999 -9999 -9999 -9999 -9999 -9999 -9999 -9999 -9999 10.1906680909091 5.59786927272727 5.49522154545455 5.94362581818182 6.60788127272727 7.86422754545455 -9999 -9999 -9999 -9999 -9999 -9999 -9999 -9999 -9999 -9999 -9999 3.92237572727273 7.601669 11.1558205454545 10.024288 5.38419463636364 3.04893072727273 3.05486163636364 3.14664572727273 2.441346 2.49576654545455 1.311141 0.840618909090909 1.985814 1.36638127272727 5.12878618181818 6.246857 -9999 -9999 -9999 -9999 -9999 -9999 -9999
-9999 0.842214090909091 0.807341363636364 -9999 -9999 -9999 -9999 -9999 2.25617563636364 2.86055563636364 5.16052890909091 7.32285145454545 7.84062018181818 8.23213936363636 8.208169 9.10961872727273 7.99112427272727 7.82176581818182 11.0036378181818 10.4460480909091 -9999 -9999 -9999 -9999 -9999 5.79756481818182 5.12333054545455 5.10891590909091 4.80698490909091 4.29049872727273 3.89983572727273 -9999 -9999 -9999 -9999 -9999 -9999 -9999 -9999 -9999 -9999 -9999 -9999 -9999 -9999 -9999 -9999 -9999 -9999 13.0661780909091 10.5111917272727 2.00150518181818 4.46094672727273 2.69967972727273 1.75021636363636 1.992801 1.19363636363636 1.075663 0.857525636363636 1.91710845454545 0.799250909090909 -9999 -9999 -9999 -9999 -9999
2.26200863636364 2.39252672727273 2.34515727272727 2.20715972727273 2.28936263636364 2.39718118181818 2.52038572727273 3.51606781818182 5.89971145454545 5.88422236363636 6.17740036363636 6.01157254545455 5.97409772727273 6.29456718181818 6.11693563636364 6.35397809090909 5.95216436363636 6.05157381818182 5.781455 5.77299518181818 5.84273290909091 6.862825 7.41924018181818 7.48104063636364 5.56320272727273 5.21059 5.35335309090909 4.79630854545455 4.03234609090909 3.77970045454545 3.70124690909091 3.460146 -9999 -9999 -9999 -9999 -9999 -9999 -9999 -9999 -9999 -9999 -9999 -9999 -9999 -9999 -9999 -9999 -9999 -9999 11.0657712727273 12.927075 12.2481846363636 -9999 3.14582327272727 1.91282490909091 1.46196809090909 1.109293 1.11772163636364 2.91775522243714 0.968957942057942 1.83940436835891 1.60202359033372 0.109090909090909 1.36363636363636 4.53087918181818
3.01247490909091 3.35785590909091 3.08784827272727 2.622201 2.59578054545455 4.26111290909091 4.50866581818182 5.015382 5.09950263636364 5.43287172727273 5.64722036363636 5.31214181818182 5.02163063636364 5.31368490909091 5.21507154545455 5.58968954545455 5.47114154545454 5.31565627272727 5.23382663636364 5.390582 5.22626963636364 5.21395909090909 6.07786236363636 -9999 -9999 -9999 -9999 -9999 -9999 -9999 -9999 -9999 -9999 -9999 -9999 -9999 -9999 -9999 -9999 -9999 -9999 -9999 -9999 -9999 -9999 -9999 -9999 -9999 3.47591409090909 2.40560745454545 2.44965645454545 1.771399 2.95454809090909 4.49209554545455 4.85156518181818 2.08004527272727 4.67269772727273 1.81226618181818 4.07561827272727 -9999 -9999 -9999 -9999 2.618095 3.52367572727273 1.08430871212121
2.98863627272727 3.60792009090909 2.56885936363636 2.76188590909091 2.62126254545455 3.22464081818182 4.52712345454546 3.51634690909091 3.68691090909091 3.708336 4.05405745454545 4.09909690909091 4.68269336363636 4.52314490909091 4.45305554545455 4.70737063636364 4.92220327272727 4.95904481818182 4.87868354545455 4.450909 5.29592027272727 5.24630409090909 -9999 -9999 4.59066863636364 4.09361609090909 4.80031163636364 3.39073945454545 -9999 -9999 -9999 -9999 -9999 -9999 -9999 -9999 -9999 -9999 -9999 -9999 -9999 1.524335 1.32509018181818 1.39961690909091 1.34646045454545 1.36168254545455 1.974639 1.799108 1.47759127272727 1.24005436363636 1.29960754545455 1.47800227272727 -9999 1.57575572727273 1.53148127272727 1.328466 1.336861 1.45548618181818 3.40821481818182 7.32122809917355 2.32363772727273 -9999 -9999 -9999 -9999 -9999
3.36673172727273 3.37158236363636 2.67363518181818 3.61188581818182 3.53459181818182 2.37262127272727 3.15375163636364 2.98922481818182 2.92728072727273 3.18325 3.43280809090909 3.32107154545455 3.68352318181818 3.81720554545455 3.96933363636364 4.72860354545455 -9999 -9999 -9999 -9999 -9999 -9999 -9999 -9999 4.77144436363636 3.51259281818182 3.27046381818182 2.91202827272727 -9999 -9999 -9999 2.31558727272727 2.29199 -9999 -9999 -9999 -9999 -9999 -9999 -9999 -9999 -9999 -9999 -9999 -9999 -9999 -9999 -9999 -9999 -9999 1.25128827272727 1.31822572727273 1.28596781818182 1.34895436363636 1.41945663636364 1.51906918181818 1.37118727272727 4.36299663636364 4.38092190909091 2.69195845454545 1.38114609090909 1.571461 1.42074472727273 1.87900627272727 2.45286563636364 -9999
2.32863245454545 1.32635163636364 2.04209181818182 1.63081509090909 1.36698654545455 1.50682481818182 1.62369372727273 1.69181945454545 2.00901745454545 2.65033109090909 2.92603963636364 4.17015636363636 4.32681990909091 3.57951863636364 -9999 -9999 -9999 -9999 -9999 -9999 -9999 -9999 -9999 -9999 -9999 -9999 -9999 -9999 -9999 -9999 -9999 -9999 -9999 -9999 -9999 -9999 -9999 -9999 -9999 -9999 -9999 -9999 -9999 -9999 -9999 -9999 -9999 -9999 -9999 -9999 -9999 -9999 -9999 -9999 1.26472027272727 3.78727245454545 1.44798936363636 1.86536009090909 1.69534172727273 1.87451454545455 1.53071863636364 -9999 -9999 2.01495263636364 -9999 -9999
2.11261963636364 1.67096172727273 1.68003281818182 1.38435927272727 1.23668118181818 1.26303609090909 1.26717463636364 1.40978054545455 1.575508 1.72796990909091 1.68671681818182 2.14055390909091 -9999 -9999 -9999 -9999 -9999 -9999 -9999 -9999 -9999 -9999 -9999 -9999 -9999 -9999 -9999 -9999 -9999 3.41958372727273 3.43753709090909 -9999 -9999 -9999 -9999 -9999 -9999 -9999 -9999 -9999 -9999 -9999 -9999 -9999 -9999 -9999 -9999 -9999 -9999 -9999 -9999 -9999 -9999 -9999 -9999 -9999 -9999 1.26752627272727 1.44465254545455 1.57718354545455 1.50815190909091 -9999 -9999 -9999 -9999 -9999
2.75119081726354 2.44795454545455 1.21397918181818 1.21714718181818 1.393141 1.13589881818182 1.43237927272727 1.27656009090909 1.66203263636364 -9999 -9999 -9999 -9999 -9999 -9999 -9999 -9999 -9999 -9999 -9999 -9999 -9999 -9999 -9999 -9999 -9999 -9999 -9999 -9999 -9999 -9999 -9999 -9999 -9999 -9999 -9999 -9999 -9999 -9999 -9999 5.38520357507661 5.8052912959381 5.85906077630235 5.78538707070707 2.07552605321508 2.07174388714734 1.36483497326203 1.038404004329 1.77104226305609 1.58472238514174 -9999 -9999 -9999 -9999 -9999 -9999 -9999 -9999 -9999 -9999 -9999 -9999 -9999 -9999 -9999 -9999
2.00450927272727 2.14644854545455 1.78581163636364 1.76321490909091 1.67636027272727 1.56820663636364 1.79253645454545 1.73197472727273 -9999 -9999 -9999 -9999 -9999 -9999 -9999 -9999 -9999 -9999 -9999 -9999 -9999 -9999 -9999 -9999 -9999 -9999 -9999 -9999 -9999 -9999 -9999 -9999 -9999 -9999 -9999 -9999 -9999 -9999 -9999 -9999 5.59183063636364 5.05627816307404 3.46463965183752 1.5217028971029 1.42517140151515 1.30038539651838 1.20250306324111 1.02265110047847 0.984812765957447 1.14233404255319 1.09836947368421 0.825671628371628 1.1150667311412 1.42075264735265 3.98775311004785 -9999 -9999 -9999 -9999 -9999 -9999 -9999 -9999 -9999 -9999 -9999
1.89303036363636 2.275816 1.94621490909091 2.05397536363636 1.80424345454545 2.02295972727273 2.11953827272727 2.39737327272727 -9999 -9999 -9999 -9999 -9999 -9999 -9999 -9999 -9999 -9999 -9999 -9999 -9999 -9999 -9999 -9999 -9999 -9999 -9999 -9999 -9999 -9999 -9999 -9999 -9999 -9999 -9999 -9999 -9999 -9999 -9999 -9999 -9999 5.47101224489796 4.09760545454545 3.44069345454545 2.09642708907254 1.26708246753247 1.35420765550239 1.15983581818182 1.30998302411874 1.6367666344294 1.0609997098646 1.06919951124145 1.40691732057416 3.26668135435993 4.15569672727273 -9999 -9999 -9999 -9999 -9999 -9999 -9999 -9999 -9999 -9999 -9999
1.21455463636364 1.02360718181818 1.07140045454545 0.990805818181818 1.57619254545455 1.89595545454545 1.99058127272727 -9999 -9999 -9999 -9999 -9999 -9999 -9999 -9999 -9999 -9999 -9999 -9999 -9999 -9999 -9999 -9999 -9999 -9999 -9999 -9999 -9999 -9999 -9999 -9999 -9999 -9999 -9999 -9999 -9999 -9999 -9999 -9999 -9999 5.04499336363636 4.45663727272727 4.32320990909091 3.30641536363636 3.05436663636364 2.359311 2.13180045454545 1.61196181818182 2.65907336363636 1.96897854545455 1.45362109090909 1.65358909090909 1.20573654545455 1.2448766758494 1.37931118181818 -9999 -9999 -9999 -9999 -9999 -9999 -9999 -9999 -9999 0.824181909090909 0.941121
1.06392718181818 0.958155454545455 1.03284927272727 0.992399454545455 0.880719363636364 0.911533909090909 1.51002509090909 1.77274890909091 1.94071790909091 1.92436509090909 -9999 -9999 -9999 -9999 -9999 -9999 -9999 -9999 -9999 -9999 -9999 -9999 -9999 -9999 -9999 -9999 -9999 -9999 -9999 -9999 -9999 -9999 -9999 -9999 -9999 -9999 -9999 -9999 -9999 -9999 -9999 3.33260745454545 1.53840445454545 1.39734545454545 1.45008545454545 1.61575409090909 1.55829381818182 1.31059627272727 1.37349136363636 1.507878 1.507626 1.700835 1.30949945454545 1.49660809090909 1.72481790909091 3.06824809090909 1.34966718181818 1.99736890909091 4.67732863636364 -9999 -9999 -9999 6.10605127272727 1.35912127272727 0.735772181818182 0.572106363636364
1.83144327272727 1.63435181818182 1.71528990909091 1.09888418181818 1.92002918181818 1.84244681818182 1.49431972727273 0.890794363636364 0.985480363636364 1.19349609090909 1.45790945454545 -9999 -9999 -9999 -9999 -9999 -9999 -9999 -9999 -9999 -9999 -9999 -9999 -9999 -9999 -9999 -9999 -9999 -9999 -9999 -9999 -9999 -9999 -9999 -9999 -9999 -9999 -9999 -9999 -9999 -9999 -9999 1.60597654545455 1.57050818181818 1.45511109090909 1.559386 1.40905190909091 1.37570218181818 1.58852418181818 1.50565190909091 1.36601154545455 1.33163409090909 1.32340418181818 1.17715 1.09694390909091 1.226494 3.00525154545455 1.16624781818182 2.32596390909091 1.55999590909091 1.72410554545455 1.542776 1.18660627272727 1.62066272727273 1.20631445454545 1.32543563636364
2.96648498467824 2.86981278721279 2.49197693779904 2.36976063730084 2.17620028116214 2.18144245548266 1.52952418181818 1.40323227272727 1.17171036363636 1.02171009090909 1.083031 1.01388636363636 -9999 1.03710281818182 1.11279181818182 1.18761872727273 -9999 -9999 -9999 -9999 -9999 -9999 -9999 -9999 -9999 -9999 -9999 -9999 -9999 -9999 -9999 -9999 -9999 -9999 -9999 -9999 -9999 -9999 -9999 -9999 -9999 -9999 1.61619690909091 1.31729563636364 1.45709763636364 1.55917972727273 1.58155827272727 1.44641918181818 1.41256572727273 1.410894 1.38529618181818 1.350978 1.33884336363636 1.35342254545455 1.13881127272727 1.04659954545455 1.92051654545455 1.54159790909091 1.33872545454545 1.26131018181818 2.19013663636364 1.71079154545455 1.10157581818182 1.05686309090909 0.739434 2.28584618181818
3.89948211462451 2.98913524004086 2.69332587412587 2.61076129334583 2.30109335288368 2.31464615384615 2.10020369318182 1.32742209090909 1.18035018181818 1.22905772727273 1.15872945454545 1.19680754545455 1.15092681818182 1.26438936363636 1.03474136363636 1.04639981818182 1.12743509090909 1.22991718181818 1.27214409090909 1.24899263636364 2.01417136363636 -9999 -9999 -9999 -9999 -9999 -9999 -9999 -9999 -9999 -9999 -9999 -9999 -9999 -9999 -9999 -9999 -9999 -9999 -9999 -9999 -9999 2.02270836363636 1.76225454545455 2.35814072727273 1.52744381818182 1.44555518181818 1.66467181818182 1.48433845454545 1.431712 1.39101745454545 1.46295454545455 1.40297972727273 1.53781263636364 1.39416090909091 1.34317372727273 1.18998936363636 2.43806390909091 1.16706436363636 1.20015663636364 1.50297763636364 1.54844863636364 1.47798518181818 1.26678527272727 1.146889 0.842446090909091
3.98483131313131 3.67459284332689 3.78687760074977 2.90524269972452 2.71485263636364 2.69920393626992 2.986925 2.97203232323232 2.40461762523191 2.6949580861244 1.57469953617811 1.52836345083488 1.28798136363636 1.33361427272727 1.33036209090909 1.155103 1.097136 1.08463709090909 1.06953963636364 1.54164315886134 2.22250760667904 1.7816887755102 1.79948954545455 2.72295354545455 -9999 -9999 -9999 -9999 -9999 -9999 -9999 -9999 -9999 -9999 -9999 -9999 -9999 -9999 -9999 -9999 -9999 1.22431327272727 0.957470545454545 1.541813 2.02780945454545 1.78822709090909 1.682664 1.503214 1.39830945454545 1.52056736363636 1.22919009090909 1.22900427272727 1.65943090909091 1.47199545454545 1.287236 1.44498681818182 1.55998927272727 1.58403190909091 1.62928645454545 1.67228263636364 1.36443527272727 1.59192763636364 1.62216090909091 1.6233012855831 1.12117218181818 1.66774436363636
2.42993608815427 2.71446150278293 3.04249210284665 3.08786636363636 3.45892009569378 3.6360809569378 3.59858295454545 3.53544071969697 3.48561253588517 3.19021045454545 3.32903948576676 1.94310318181818 1.76678818181818 1.25331581818182 1.24131490909091 1.324556 1.44188654545455 1.51855927272727 2.85940649350649 1.50494727272727 2.09463515769944 1.82211881818182 1.70427654545455 1.094514 1.17219418181818 1.49758836363636 -9999 -9999 -9999 -9999 -9999 -9999 -9999 -9999 -9999 -9999 -9999 -9999 -9999 -9999 -9999 2.05774372727273 1.05996063636364 0.956736818181818 0.975152181818182 1.19230281818182 1.021011 1.326926 1.39380781818182 1.43162554545455 1.42702181818182 1.43199145454545 1.48485981818182 1.51548527272727 1.30523409090909 1.50865573921028 1.52908927272727 1.29876975881262 1.37525241187384 1.45615814393939 1.27003732057416 1.78517708719852 2.04489935720845 2.06737263355202 0.619258727272727 0.726787
2.66954462809917 2.52256227272727 2.16587381818182 2.50928109090909 2.92953354545455 3.73950936920223 3.93764192949907 3.88711103896104 4.11535370196813 3.87420335968379 4.03629298418972 3.53498326446281 4.19033985200846 3.08414767676768 3.7840471657754 3.30054696969697 3.21919587628866 2.6432490530303 2.29278981818182 1.67483690909091 1.69802763636364 2.71916209090909 2.46783 1.636829 1.62869881818182 1.72555745454545 1.40238727272727 1.40619445454545 2.18292881818182 2.87087854545455 3.665005 -9999 -9999 -9999 -9999 -9999 -9999 3.73245363636364 3.39258890909091 3.40491518181818 3.22434536363636 3.246952 1.08646818181818 1.05353327272727 1.18966818181818 1.23658518181818 2.07624054545455 1.55808681818182 1.60029154545455 1.69294090909091 1.732501 1.67270481818182 1.56896209090909 1.54163145454545 1.613833 1.74517627272727 1.74789927272727 1.85535036363636 1.56258275538894 2.06358191000918 1.79063730084349 1.62338712121212 2.08610227272727 2.30548309090909 1.17041663636364 0.878718090909091
-9999 2.4359678030303 2.47326545454545 2.08684845454545 2.277337 2.41351027272727 3.09588745454545 3.48020418181818 3.46231554545455 4.24348872727273 3.81605624375624 4.14849770114943 2.87773670454545 1.90664595959596 3.54419019138756 3.15050850059032 2.31556556149733 2.89750627705628 3.48206911157025 3.32284328512397 2.71505044955045 2.32220714285714 1.92732318181818 1.86864945454545 1.88677736363636 1.81083072727273 1.99534827272727 2.14380454545455 2.36671909090909 2.79645818181818 2.86366763636364 4.24682866419295 -9999 -9999 -9999 -9999 -9999 -9999 2.06365045454545 1.69701127272727 3.29784390909091 3.04256290909091 1.10358454545455 1.24412109090909 2.86967481818182 2.52058354545455 1.25123872727273 2.50366672727273 1.64464836363636 1.90534618181818 1.73130881818182 1.64716927272727 1.72425454545455 1.54728790909091 1.31968072727273 1.438925 1.85222372727273 1.85023463636364 2.16482327272727 1.72444409090909 2.00313027272727 2.00156254545455 1.575326 1.84235672727273 1.69366009090909 1.875439
-9999 -9999 -9999 2.52296690909091 2.88892945454545 3.20996363636364 3.92742462121212 4.11962708333333 3.79258071625344 4.28208245454545 4.27373168044077 3.64859100684262 2.89109989177489 2.22590524475524 2.84832079545455 2.3375896969697 2.77155123966942 2.68667447552448 2.77385629791895 2.92455775401069 2.96902431289641 3.40488882803943 2.61267083333333 2.59453416267943 2.52564636363636 2.441262 2.46521518181818 2.38530236363636 2.50786045454545 3.59435245454545 4.67167063636364 5.31146639118457 -9999 -9999 -9999 -9999 -9999 -9999 2.36559718181818 1.83271109090909 1.82396581818182 1.65008145454545 1.20100509090909 1.31601854545455 1.23532127272727 1.1883 1.21323090909091 1.76626136363636 1.29989981818182 1.49486609090909 1.39977063636364 1.452749 1.37824427272727 1.55282718181818 1.22015 1.18112121212121 1.23641184573003 2.05186209090909 2.06039954545455 1.97995927272727 1.43139154545455 1.49705254545455 1.69586363636364 1.80716327272727 1.71277454545455 1.77536854545455
