climate/climategfdl-cm2.0_run1bwd.asc
NCOLS 255 
NROWS 267 
XLLCORNER -16100344 
YLLCORNER -6047616 
CELLSIZE 50000 
NODATA_value -9999 
[rows 0 to 28 of 267, columns 132 to 197 of 255]
-9999 -9999 -9999 -9999 -9999 -9999 -9999 -9999 -9999 -9999 -9999 -9999 -9999 -9999 -9999 -9999 -9999 -9999 -9999 -9999 1.25287698863636 -9999 -9999 0.777935909090909 4.30885463821892 3.0031621671258 3.38656027667984 3.90570541781451 4.51662291280148 4.17890379746835 3.25063939393939 3.91145454545455 5.49453267045455 8.39351663636364 3.35004896331738 10.2787689952153 10.3483193423598 4.52357997542998 4.05314514106583 2.33681728553137 2.26104692378329 2.34148550724638 3.37082266973533 3.69550311332503 3.4869356937799 2.75691261595547 3.00827853231106 2.28649378478664 1.03084754545455 1.62690709090909 2.85942708907254 3.23551410018553 2.82677263450835 2.19768854545455 1.97429595959596 2.59815592286501 2.96269285714286 2.84539853076217 2.47661621029573 4.09431118181818 3.76370045454545 3.98753463636364 3.53166418181818 -9999 -9999 -9999
-9999 -9999 -9999 -9999 -9999 -9999 -9999 -9999 -9999 1.27552072727273 1.45217563636364 1.91758109090909 1.72819854545455 1.94618754545455 2.55902772727273 2.28999427272727 2.14145 1.50254454545455 3.94898760330579 4.34748925619835 1.45852627272727 1.28292072727273 -9999 1.13376163636364 0.974275909090909 0.732984363636364 3.41795319148936 1.90551154545455 1.62615627272727 1.96813272727273 2.08345619834711 1.106549 1.06264245454545 1.82194918181818 0.984225909090909 1.99058045454545 2.36201331496786 2.91960872359963 1.79005827272727 0.883859727272727 0.592294181818182 1.49558472727273 0.847975 3.50492972727273 5.44420881818182 -9999 -9999 -9999 -9999 -9999 -9999 -9999 -9999 -9999 -9999 -9999 -9999 -9999 -9999 -9999 -9999 -9999 -9999 -9999 -9999 -9999
-9999 -9999 -9999 -9999 -9999 1.20643090909091 1.20212854545455 -9999 -9999 -9999 -9999 -9999 -9999 -9999 -9999 -9999 -9999 -9999 -9999 -9999 -9999 1.55614990909091 1.41129218181818 1.47546836363636 1.66154109090909 2.01250136363636 1.97282881818182 1.78075890909091 1.98687063636364 1.97201909090909 2.08868572727273 2.25301054545455 1.45201772727273 2.31382063636364 2.49121909090909 1.96766927272727 1.31847872727273 0.659876545454545 2.19986172727273 5.59026845454545 -9999 -9999 -9999 -9999 -9999 -9999 -9999 -9999 -9999 -9999 -9999 -9999 -9999 -9999 -9999 -9999 -9999 -9999 -9999 -9999 -9999 -9999 -9999 -9999 -9999 -9999
9.05968409090909 -9999 -9999 -9999 -9999 -9999 8.99414931129477 8.18641331496786 8.04081227272727 -9999 -9999 -9999 2.39102136363636 2.33123409090909 2.04789890909091 1.87020054545455 1.78341236363636 1.42180681818182 -9999 -9999 -9999 -9999 -9999 -9999 -9999 2.71244272727273 2.765464 2.128187 1.565747 1.47132836363636 2.92198190909091 1.77481363636364 1.65520654545455 3.186095 3.05509381818182 3.54930363636364 -9999 -9999 -9999 -9999 -9999 -9999 -9999 -9999 -9999 -9999 -9999 -9999 -9999 -9999 -9999 -9999 -9999 -9999 -9999 -9999 -9999 -9999 -9999 -9999 -9999 -9999 -9999 -9999 -9999 -9999
-9999 -9999 -9999 -9999 -9999 -9999 -9999 -9999 -9999 -9999 -9999 -9999 -9999 -9999 -9999 -9999 -9999 -9999 -9999 -9999 -9999 -9999 6.12544381818182 4.22580663636364 -9999 -9999 -9999 -9999 -9999 -9999 -9999 -9999 -9999 -9999 -9999 -9999 -9999 -9999 -9999 -9999 -9999 -9999 -9999 -9999 -9999 -9999 -9999 -9999 -9999 -9999 -9999 -9999 -9999 -9999 -9999 -9999 -9999 -9999 -9999 -9999 -9999 -9999 -9999 -9999 -9999 -9999
2.20692854545455 2.15040681818182 2.19496581818182 -9999 -9999 -9999 -9999 -9999 -9999 -9999 -9999 -9999 -9999 -9999 -9999 -9999 -9999 -9999 9.01441363636364 6.06039009090909 6.19114381818182 3.89276209090909 5.15403236363636 5.30488954545454 -9999 -9999 4.88617327272727 5.25217354545455 5.561537 3.571238 3.80168709090909 4.90380063636364 1.27195307621671 2.61804918181818 3.73154645454545 -9999 3.92093245454545 5.11034618181818 4.49109172727273 3.74774172727273 3.01328709090909 2.51537763636364 3.05135054545455 -9999 -9999 -9999 -9999 -9999 -9999 -9999 -9999 -9999 -9999 -9999 -9999 -9999 -9999 -9999 -9999 -9999 -9999 -9999 -9999 -9999 -9999 -9999
1.979063 -9999 -9999 -9999 -9999 -9999 4.15158436363636 8.17078772727273 -9999 -9999 -9999 -9999 -9999 -9999 -9999 -9999 -9999 8.54006872727273 7.80421 6.41441536363636 5.57760263636364 3.71917781818182 5.41046490909091 6.08524772727273 -9999 3.06271809090909 3.72956927272727 3.11841092745638 3.65116263636364 5.15717109090909 5.40733145454545 5.00103836363636 5.20184718181818 3.73712272727273 3.56060390909091 4.10831645454545 2.06961845454545 3.78151268939394 3.20025045454545 4.38825319148936 3.67481888111888 2.69393727272727 2.81996474953618 2.49482209090909 1.78920990909091 3.93417872727273 8.15014940312213 -9999 -9999 -9999 -9999 -9999 -9999 -9999 -9999 -9999 -9999 -9999 -9999 -9999 -9999 -9999 -9999 -9999 -9999 -9999
-9999 -9999 -9999 -9999 1.47243490909091 1.382475 5.30855281818182 7.02634390909091 7.462657 6.89298563636364 -9999 -9999 -9999 -9999 -9999 -9999 -9999 -9999 -9999 -9999 5.66045663636364 6.18018263636364 4.14264 3.449851 2.68251790909091 2.61918190909091 2.369978 3.80775072727273 3.12730181818182 4.04092945454545 4.749431 4.65427445454545 3.75647454545455 4.02326209090909 3.18001045454545 2.52968 1.96938336363636 1.78900218181818 1.66187645454545 3.17323 3.20109854545455 2.08779981818182 2.64076290909091 3.34823009090909 1.77155481818182 3.87519636363636 5.04898463636364 6.68272557442557 1.05286527272727 1.62860835629017 0.986245363636364 1.07329318181818 1.0500167903525 10.7817076923077 -9999 -9999 -9999 -9999 -9999 -9999 -9999 -9999 -9999 -9999 -9999 -9999
1.39685081818182 1.33401772727273 1.400311 1.40200545454545 -9999 -9999 -9999 -9999 1.44882690909091 1.59765454545455 1.62654754545455 3.82622981818182 3.96634309090909 6.57351327272727 5.66217709090909 -9999 -9999 -9999 -9999 -9999 -9999 -9999 -9999 -9999 -9999 -9999 3.17610563636364 3.60619318181818 3.90959281818182 4.54956190909091 3.05333518181818 2.27581672727273 -9999 -9999 -9999 -9999 -9999 -9999 -9999 -9999 -9999 -9999 -9999 1.06456381818182 1.41247190909091 2.03364672727273 2.2883000967118 3.98138245454545 2.88034118181818 3.20542290909091 3.73377945454545 3.40499972727273 3.35042145454545 0.876085454545455 0.615337373737374 0.947438909090909 0.876252818181818 5.17798681818182 5.87366527272727 -9999 -9999 -9999 -9999 -9999 -9999 -9999
-9999 1.44823018181818 1.52583845454545 -9999 -9999 -9999 -9999 -9999 2.77641427272727 3.59142390909091 3.37964390909091 5.23480354545455 5.93615445454545 6.43495490909091 6.03694136363636 6.10006154545455 5.67564936363636 6.12600536363636 8.64903836363636 7.09272672727273 -9999 -9999 -9999 -9999 -9999 3.23700454545455 3.76595218181818 4.28962436363636 4.15927218181818 3.13865181818182 3.60614927272727 -9999 -9999 -9999 -9999 -9999 -9999 -9999 -9999 -9999 -9999 -9999 -9999 -9999 -9999 -9999 -9999 -9999 -9999 6.9765633492823 6.023763 3.23178772727273 5.17785654545454 4.00010636363636 1.47734209090909 3.13555590909091 0.600151454545455 0.774439272727273 0.736787722586692 1.01973218181818 0.579812790697674 -9999 -9999 -9999 -9999 -9999
2.93342836363636 3.16510327272727 3.85161663636364 3.27629127272727 2.984474 3.01937645454545 2.90562809090909 4.77898672727273 6.04104045454545 5.74356790909091 4.98400209090909 5.91294809090909 6.23411718181818 6.26319709090909 5.60113881818182 5.82757236363636 5.60188418181818 5.695667 5.34136454545455 5.271649 5.51048345454546 4.73818354545455 3.58975 3.02248290909091 4.020654 3.42429809090909 3.18133527272727 3.57823181818182 3.53325081818182 3.05922754545455 3.09475145454545 3.20974881818182 -9999 -9999 -9999 -9999 -9999 -9999 -9999 -9999 -9999 -9999 -9999 -9999 -9999 -9999 -9999 -9999 -9999 -9999 7.79267963636364 6.90123418181818 5.97468881818182 -9999 5.43152036363636 2.58140381818182 1.61636554545455 1.04252472727273 0.857088909090909 0.607566985645933 0.637795361781076 15.639208969697 13.1079718309859 0.106951871657754 0.330578512396694 9.19105836363636
4.17003618181818 4.54681154545455 4.70065990909091 4.91326709090909 4.25988345454545 4.87771318181818 5.088782 5.26102236363636 4.92759345454545 5.25959990909091 5.32580136363636 5.24450436363636 5.10671572727273 5.39328127272727 5.25249954545454 5.30202354545454 5.32758136363636 5.07669145454545 5.184858 5.10980336363636 4.95855090909091 5.11073209090909 4.08866327272727 -9999 -9999 -9999 -9999 -9999 -9999 -9999 -9999 -9999 -9999 -9999 -9999 -9999 -9999 -9999 -9999 -9999 -9999 -9999 -9999 -9999 -9999 -9999 -9999 -9999 3.86368072727273 3.40827363636364 3.57212418181818 2.98093527272727 5.18118172727273 5.78014045454545 5.46602545454545 4.68958972727273 4.64474045454545 1.56072418181818 5.11493563636364 -9999 -9999 -9999 -9999 4.22808081818182 1.16754954545455 1.01314640151515
4.56467981818182 4.62995854545455 4.920097 3.80589454545455 4.58226709090909 4.13348936363636 4.73392472727273 4.02098036363636 4.04717254545455 4.31186227272727 4.272667 4.48732463636364 4.57859536363636 4.67127327272727 4.49407327272727 4.65384563636364 4.77048909090909 4.73969054545455 4.64058145454545 4.70704227272727 5.95737463636364 5.220128 -9999 -9999 4.89079127272727 3.80698454545455 4.19523209090909 2.74312209090909 -9999 -9999 -9999 -9999 -9999 -9999 -9999 -9999 -9999 -9999 -9999 -9999 -9999 1.33869309090909 1.28607390909091 1.27916572727273 1.17976054545455 1.28983963636364 1.38825127272727 1.44730827272727 1.36434118181818 1.15074936363636 1.27171854545455 1.31711245454545 -9999 1.34708063636364 1.46135136363636 1.32061790909091 1.49780672727273 1.65591781818182 5.10491405810684 2.0904803030303 2.07124809090909 -9999 -9999 -9999 -9999 -9999
4.97745027272727 5.43803372727273 4.91655536363636 5.613016 5.777602 5.87409545454545 5.95212809090909 6.14724718181818 5.67048963636364 4.985017 3.88520772727273 3.86012327272727 4.11329463636364 4.291106 4.17063690909091 4.49681318181818 -9999 -9999 -9999 -9999 -9999 -9999 -9999 -9999 3.28478172727273 3.10491045454545 2.82509281818182 2.96706690909091 -9999 -9999 -9999 2.64882127272727 2.18050818181818 -9999 -9999 -9999 -9999 -9999 -9999 -9999 -9999 -9999 -9999 -9999 -9999 -9999 -9999 -9999 -9999 -9999 1.36109154545455 1.114139 1.13864436363636 1.281293 1.37189663636364 1.32214018181818 1.55825490909091 3.36156836363636 6.20870318181818 2.28984650717703 1.52678283858998 1.48312190909091 3.40004181818182 1.63261963636364 2.09619918181818 -9999
4.29146263636364 4.45129245454545 4.74039018181818 4.01661127272727 4.17446963636364 2.73356127272727 3.10893909090909 3.69978581818182 4.47944790909091 3.98524409090909 3.95451672727273 5.10034236363636 4.61356263636364 3.52391236363636 -9999 -9999 -9999 -9999 -9999 -9999 -9999 -9999 -9999 -9999 -9999 -9999 -9999 -9999 -9999 -9999 -9999 -9999 -9999 -9999 -9999 -9999 -9999 -9999 -9999 -9999 -9999 -9999 -9999 -9999 -9999 -9999 -9999 -9999 -9999 -9999 -9999 -9999 -9999 -9999 2.731287 1.60703481818182 4.46837272727273 6.68797935606061 1.65383945454545 1.72194809090909 1.33452663636364 -9999 -9999 1.77916690909091 -9999 -9999
2.92189136363636 4.01925345454545 4.00101963636364 4.15397145454545 3.72576090909091 2.75725727272727 3.58379118181818 3.03743590909091 2.42450018181818 4.10414372727273 2.952937 3.98853145454545 -9999 -9999 -9999 -9999 -9999 -9999 -9999 -9999 -9999 -9999 -9999 -9999 -9999 -9999 -9999 -9999 -9999 2.87901890909091 2.79036954545455 -9999 -9999 -9999 -9999 -9999 -9999 -9999 -9999 -9999 -9999 -9999 -9999 -9999 -9999 -9999 -9999 -9999 -9999 -9999 -9999 -9999 -9999 -9999 -9999 -9999 -9999 3.95964818181818 1.49669118181818 1.50610145454545 1.67590945454545 -9999 -9999 -9999 -9999 -9999
3.303703 3.42169327272727 4.31171572727273 4.17963318181818 3.66359981818182 4.87927936363636 5.01818309090909 4.42782172727273 4.27473872727273 -9999 -9999 -9999 -9999 -9999 -9999 -9999 -9999 -9999 -9999 -9999 -9999 -9999 -9999 -9999 -9999 -9999 -9999 -9999 -9999 -9999 -9999 -9999 -9999 -9999 -9999 -9999 -9999 -9999 -9999 -9999 6.25763977272727 5.53006834611172 7.05622067099567 7.383325 14.7542260822511 17.0729826839827 12.7037249726177 14.926529338843 9.84922124505929 7.60309628942486 -9999 -9999 -9999 -9999 -9999 -9999 -9999 -9999 -9999 -9999 -9999 -9999 -9999 -9999 -9999 -9999
2.85059063636364 3.05169690909091 3.28903954545455 3.273527 2.93131636363636 2.49122790909091 2.35948954545455 2.27040745454545 -9999 -9999 -9999 -9999 -9999 -9999 -9999 -9999 -9999 -9999 -9999 -9999 -9999 -9999 -9999 -9999 -9999 -9999 -9999 -9999 -9999 -9999 -9999 -9999 -9999 -9999 -9999 -9999 -9999 -9999 -9999 -9999 4.26686673326673 4.94672857142857 1.5646197492163 1.83713344556678 1.86493311688312 3.06538181818182 4.88915324675325 4.15080120481928 5.26130844155844 3.46975411255411 2.843389446186 6.58530559440559 4.67210983957219 4.61364492600423 2.46987561497326 -9999 -9999 -9999 -9999 -9999 -9999 -9999 -9999 -9999 -9999 -9999
2.24773172727273 2.61847427272727 2.83228290909091 2.71694981818182 2.69419081818182 2.67141009090909 2.81851418181818 2.72215027272727 -9999 -9999 -9999 -9999 -9999 -9999 -9999 -9999 -9999 -9999 -9999 -9999 -9999 -9999 -9999 -9999 -9999 -9999 -9999 -9999 -9999 -9999 -9999 -9999 -9999 -9999 -9999 -9999 -9999 -9999 -9999 -9999 -9999 3.92472881818182 1.41766616682287 1.52144719926538 1.62785620723363 1.55416123876124 1.45552984189723 1.55320830889541 1.46364437927664 1.45353597262952 1.55558850574713 1.48261828396323 1.33086673326673 1.43164133971292 1.5994819138756 -9999 -9999 -9999 -9999 -9999 -9999 -9999 -9999 -9999 -9999 -9999
1.75737581818182 2.04465081818182 2.07600672727273 2.15001190909091 2.47818754545455 2.48464281818182 2.67616663636364 -9999 -9999 -9999 -9999 -9999 -9999 -9999 -9999 -9999 -9999 -9999 -9999 -9999 -9999 -9999 -9999 -9999 -9999 -9999 -9999 -9999 -9999 -9999 -9999 -9999 -9999 -9999 -9999 -9999 -9999 -9999 -9999 -9999 3.31552345454545 1.55889154545455 1.54400509090909 1.561286 1.41807590909091 1.49315281818182 1.44659863636364 1.44158163636364 1.43905354545455 1.44487750229568 1.46779322820037 1.30083017806935 1.38838617021277 1.35269913875598 1.16256751893939 -9999 -9999 -9999 -9999 -9999 -9999 -9999 -9999 -9999 6.79180418181818 8.20593045454545
2.14439336363636 2.05206418181818 2.30024581818182 2.34840872727273 2.597859 2.63824309090909 2.81265281818182 2.92764663636364 2.90068436363636 2.68974336363636 -9999 -9999 -9999 -9999 -9999 -9999 -9999 -9999 -9999 -9999 -9999 -9999 -9999 -9999 -9999 -9999 -9999 -9999 -9999 -9999 -9999 -9999 -9999 -9999 -9999 -9999 -9999 -9999 -9999 -9999 -9999 1.49888432282004 1.41740497607656 1.35911884469697 1.25876710402999 1.33037537878788 1.46834920337395 1.87960209090909 1.42762136363636 1.58750272727273 1.36562963636364 1.37077845454545 1.45481336363636 1.41042609090909 1.2850745825603 3.22801363636364 1.52551145454545 2.67681336363636 1.93559868791003 -9999 -9999 -9999 5.26865520149953 4.32564114339269 11.1759138181818 5.0167821969697
2.36859263636364 2.38538981818182 2.33905490909091 2.73136854545455 2.28520481818182 2.20957245454545 2.18766545454545 2.78596063636364 2.39775236363636 2.51574181818182 2.37656827272727 -9999 -9999 -9999 -9999 -9999 -9999 -9999 -9999 -9999 -9999 -9999 -9999 -9999 -9999 -9999 -9999 -9999 -9999 -9999 -9999 -9999 -9999 -9999 -9999 -9999 -9999 -9999 -9999 -9999 -9999 -9999 4.72021528046422 4.60619356060606 4.98492996289425 4.67422168560606 4.24564554637282 3.69374218181818 4.26371581818182 2.94989681818182 2.25581709090909 2.80153163636364 2.07780581818182 2.90798 2.22619163636364 3.34116827272727 1.69341658856607 6.36880454545455 1.66313607954545 5.37992018181818 5.09546627272727 6.00157618181818 7.17543363636364 5.73198663636364 7.68372445454545 8.85737427272727
2.67152127272727 2.35325654545455 2.22331272727273 2.08531609090909 2.33104136363636 2.38548918181818 2.47894918181818 2.44617127272727 2.61446654545455 3.525845 3.09442354545455 3.323419 -9999 2.92518136363636 2.58574209090909 2.54480136363636 -9999 -9999 -9999 -9999 -9999 -9999 -9999 -9999 -9999 -9999 -9999 -9999 -9999 -9999 -9999 -9999 -9999 -9999 -9999 -9999 -9999 -9999 -9999 -9999 -9999 -9999 4.5643419729207 3.83434445554446 4.09050918972332 2.88579470529471 2.88035274725275 3.30895198863636 3.87012635445363 3.7388202020202 5.04219681818182 4.33415018181818 4.70843754545455 5.86128609090909 6.60874172727273 7.50778227272727 1.58778545454545 2.42639191919192 8.85639754545454 7.60898918181818 1.75378162878788 8.35787418181818 8.10284790909091 4.81365454545455 3.94323563636364 5.98323772727273
2.40202572727273 2.23343218181818 2.23639663636364 2.18256190909091 2.26869281818182 2.36352227272727 2.67510781818182 3.47362609090909 3.59539681818182 3.67794954545455 3.76178190909091 3.71496154545455 3.80942472727273 3.66836263636364 3.23186745454545 2.98719190909091 3.31000481818182 3.27458381818182 2.89524354545455 2.68661418181818 2.25006081818182 -9999 -9999 -9999 -9999 -9999 -9999 -9999 -9999 -9999 -9999 -9999 -9999 -9999 -9999 -9999 -9999 -9999 -9999 -9999 -9999 -9999 6.05440104166667 4.74385630498534 4.68711008991009 3.80710739260739 3.61333587487781 3.35033462282398 2.44505124875125 2.97720227272727 3.68053018181818 3.36335627272727 2.43887927272727 1.89249990723562 3.07031154545455 2.76090127272727 4.21975154545455 4.39361736363636 5.47758118181818 5.87324954545455 4.02579645454545 1.89034860853432 4.65009890909091 5.74457527272727 4.77385 1.36641418181818
2.685645 2.49449154545455 2.55635954545455 2.86800063636364 2.47277090909091 2.51178218181818 3.00483636363636 3.04945509090909 3.149374 3.27453045454545 3.16615227272727 3.14634536363636 3.672964 3.602295 3.33572836363636 3.17731227272727 2.83897672727273 2.89136509090909 2.92064990909091 2.57063836363636 2.78229190909091 2.47938209090909 2.26080045454545 2.60791909090909 -9999 -9999 -9999 -9999 -9999 -9999 -9999 -9999 -9999 -9999 -9999 -9999 -9999 -9999 -9999 -9999 -9999 3.06912263257576 3.76438809090909 3.16424845261122 5.92044820075758 5.29934497607655 4.77030156402737 3.69258112648221 1.73768181818182 1.63334387351779 1.78341672727273 1.50969872727273 1.63456136363636 1.52016091846298 1.38458563636364 1.337341 1.59218618181818 1.82647563636364 1.67550827272727 1.65066956937799 2.758202 1.72669936363636 1.70322084481175 1.79055045454545 1.33520727272727 1.553032
2.528588 2.66725981818182 2.85879054545455 2.80739332096475 3.24653896103896 3.48699666048237 3.85881289424861 3.874945 4.04396336363636 4.22025145454545 3.84388845454545 4.576122 4.55754863636364 3.75691118181818 3.51473781818182 3.41271990909091 3.81381263636364 3.85141309090909 3.21660354545455 3.45430036363636 3.19405872727273 2.63545390909091 2.22980463636364 2.76991845454545 2.76903381818182 2.36652590909091 -9999 -9999 -9999 -9999 -9999 -9999 -9999 -9999 -9999 -9999 -9999 -9999 -9999 -9999 -9999 8.8964599257885 2.72766045454545 2.460306 2.62339645454545 1.53181563636364 1.95532963636364 1.34846568914956 1.722096 1.64064672727273 1.54360909090909 1.48959781818182 1.38836136363636 1.36415852272727 1.25482203856749 1.33713954545455 1.32230145454545 1.51085936363636 1.37266009090909 1.34944445454545 1.299675 1.3876840445269 1.45366898989899 1.52388331668332 0.861337090909091 1.00904918181818
4.44531045454545 4.656477 3.911814 3.63057718181818 3.67776236363636 3.85600790909091 4.11503790909091 4.28767418181818 4.45072954545455 4.50799572727273 4.78309136363636 4.46301209090909 4.99265730027548 4.59382245454545 4.78558827272727 4.59532545454545 4.45576063636364 3.84229563636364 3.80886754545455 4.31786163636364 3.69938018181818 3.12758781818182 3.14593 3.16940136363636 3.13913081818182 2.720019 3.20068227272727 3.29897109090909 4.30196136363636 4.74187518181818 5.57930772727273 -9999 -9999 -9999 -9999 -9999 -9999 10.7666455454545 9.03116381818182 8.07478590909091 6.71115254545455 6.760001 3.49409090909091 1.83781576994434 1.63432660287081 1.46939338842975 2.20875345454545 1.92428318181818 1.59988263636364 1.61017463636364 1.75042254545455 1.52273981818182 1.74288909090909 1.10127147001934 1.09197437137331 1.70330700757576 1.37745090909091 1.41930571696345 1.12818536363636 1.74576327272727 1.29553027272727 1.04065136363636 1.65403617619494 2.000726716141 1.26301354545455 1.12398890909091
-9999 4.61591136363636 4.30763863636364 4.08140672727273 4.13354954545455 4.130205 4.44735027272727 4.375544 4.81922345454545 4.79483945454545 4.52848706654171 4.68468303655108 4.47596372912801 4.28381272727273 4.65544745454545 4.73951663636364 4.50066018181818 4.66542418181818 4.28301545454545 4.23549536363636 4.07629818181818 4.45069236363636 3.75727045454545 3.56324509090909 3.26019045454545 2.99908463636364 3.40653245454545 3.18591527272727 3.08966654545455 3.22723027272727 4.20781863636364 4.34042227272727 -9999 -9999 -9999 -9999 -9999 -9999 4.02012486085343 3.997374 7.21221527272727 6.28820609090909 2.06441083172147 1.83511739130435 3.17848081818182 2.82550236363636 1.82853554545455 2.07125454545455 1.86818490909091 1.82840563636364 1.74813709090909 1.55838445454545 1.65478772727273 1.44168472727273 1.24684090909091 1.474695 1.69736954545455 1.68995509090909 1.91741136363636 1.42347545454545 1.65086081818182 1.70987768595041 1.42025272727273 1.60765754545455 1.63170027272727 1.75753972727273
-9999 -9999 -9999 4.28497727272727 4.29106309090909 4.18649572727273 4.26157972727273 4.23638454545455 4.623001 4.72596763636364 4.96564945454545 4.86392654545455 4.61226827458256 4.56541676136364 4.84214053030303 4.63034944341373 4.24020654545455 4.10827918181818 4.23193372727273 4.39594977043159 4.30235545454545 4.39436 4.56088263636364 3.99807690909091 3.82779590909091 3.73670072727273 3.91721909090909 3.58217190909091 4.13139390909091 4.086158 3.93676972727273 4.55427354545455 -9999 -9999 -9999 -9999 -9999 -9999 4.24609081818182 3.79427045454545 3.768445 3.57018718181818 2.18066481818182 2.27895672727273 1.83423927272727 1.70409563636364 1.54411018181818 2.53265981818182 1.24330581818182 1.68813654545455 1.58710363636364 1.60109327272727 1.43941763636364 1.58562145454545 1.43115972727273 1.40671960227273 1.51742672176309 1.67308985645933 2.05199054545455 2.07457172727273 1.50843936363636 1.12765909090909 1.38680363636364 1.53875927272727 1.48983054545455 1.29596872727273
