climate/climateukmo-hadcm3_run1bwd.asc
NCOLS 255 
NROWS 267 
XLLCORNER -16100344 
YLLCORNER -6047616 
CELLSIZE 50000 
NODATA_value -9999 
[rows 0 to 28 of 267, columns 134 to 200 of 255]
-9999 -9999 -9999 -9999 -9999 -9999 -9999 -9999 -9999 -9999 -9999 -9999 -9999 -9999 -9999 -9999 -9999 -9999 1.72086508704062 -9999 -9999 1.59533336363636 5.94519235976789 1.779191 5.57055626262626 4.29444611742424 7.53458280632411 6.70445095137421 7.4537969030969 5.58859649507119 3.94806847697757 4.81339880774963 3.39564184704185 6.68094805194805 6.72785614973262 5.12827062937063 5.62409858585859 1.87589465240642 4.16685779220779 1.73587217068646 2.08905806451613 7.302156 4.75708937691522 3.94987598086124 2.09911168831169 4.00769962511715 3.68358609090909 3.49091636363636 3.93427397129187 3.65793704789834 3.92034555023923 2.54943985307622 2.39996818181818 2.58998237476809 3.18500037488285 2.81581387559809 4.17430928030303 11.7289626363636 13.4501785379569 14.0661448922212 13.2580682286785 -9999 -9999 -9999 -9999 -9999 -9999
-9999 -9999 -9999 -9999 -9999 -9999 -9999 1.83112254545455 2.89504836363636 2.70236927272727 3.92302109090909 3.15870072727273 2.90309045454545 2.75649972727273 4.47684263636364 3.75213990909091 6.83690890151515 6.57823584710744 5.66702154545455 5.27395535353535 -9999 6.14198780487805 6.2409835016835 8.02142828282828 19.742295974026 10.2820705822268 17.8443357642358 9.46299645933014 4.99814669421488 4.23328172541744 4.36149827272727 4.46148342245989 4.60175899814471 4.11136395348837 5.95534675324675 6.28526038277512 3.81812727272727 2.54617127272727 2.031254 2.49149045454545 2.21591709090909 2.62270672727273 2.85132754545455 -9999 -9999 -9999 -9999 -9999 -9999 -9999 -9999 -9999 -9999 -9999 -9999 -9999 -9999 -9999 -9999 -9999 -9999 -9999 -9999 -9999 -9999 -9999 -9999
-9999 -9999 -9999 2.10315590909091 1.27722009090909 -9999 -9999 -9999 -9999 -9999 -9999 -9999 -9999 -9999 -9999 -9999 -9999 -9999 -9999 6.51146099706745 9.05872417794971 7.16968598484848 8.12829035250464 13.3195000918274 12.7987983471074 14.5529870909091 9.90647727272727 9.805695 9.32110281818182 8.93299736363636 6.48568436363636 6.06201790909091 5.05931236363636 3.80833354545455 3.05720918181818 3.2378353432282 2.01405081818182 5.28434463636364 -9999 -9999 -9999 -9999 -9999 -9999 -9999 -9999 -9999 -9999 -9999 -9999 -9999 -9999 -9999 -9999 -9999 -9999 -9999 -9999 -9999 -9999 -9999 -9999 -9999 -9999 -9999 -9999 -9999
-9999 -9999 -9999 -9999 11.2819783858998 10.6195997217069 10.4784641818182 -9999 -9999 -9999 3.05698409090909 3.231534 3.62129 3.47642194674013 4.23769128014842 4.43652267942584 -9999 -9999 -9999 -9999 -9999 -9999 -9999 8.31754863636364 8.22437709090909 7.32955027829314 5.44478905380334 3.00691818181818 9.50564238488784 6.76328396464646 5.88668473193473 4.68667346189164 4.11643406795225 4.19017890909091 -9999 -9999 -9999 -9999 -9999 -9999 -9999 -9999 -9999 -9999 -9999 -9999 -9999 -9999 -9999 -9999 -9999 -9999 -9999 -9999 -9999 -9999 -9999 -9999 -9999 -9999 -9999 -9999 -9999 -9999 -9999 -9999 -9999
-9999 -9999 -9999 -9999 -9999 -9999 -9999 -9999 -9999 -9999 -9999 -9999 -9999 -9999 -9999 -9999 -9999 -9999 -9999 -9999 5.18636945454545 5.54147162534435 -9999 -9999 -9999 -9999 -9999 -9999 -9999 -9999 -9999 -9999 -9999 -9999 -9999 -9999 -9999 -9999 -9999 -9999 -9999 -9999 -9999 -9999 -9999 -9999 -9999 -9999 -9999 -9999 -9999 -9999 -9999 -9999 -9999 -9999 -9999 -9999 -9999 -9999 -9999 -9999 -9999 -9999 -9999 -9999 -9999
2.16388381818182 -9999 -9999 -9999 -9999 -9999 -9999 -9999 -9999 -9999 -9999 -9999 -9999 -9999 -9999 -9999 4.41076036363636 4.94100909090909 5.00701641929499 5.27355224977043 5.52203936269916 6.86973790909091 -9999 -9999 7.27235763636364 8.05947090909091 11.8452580909091 8.18369045454545 6.41364290909091 5.49217454545454 5.85269472727273 7.10613309090909 7.22070163636364 -9999 10.2342653636364 9.68282563636364 8.70354263636364 7.43810109090909 7.26756536363636 6.86815818181818 6.61865454545455 -9999 -9999 -9999 -9999 -9999 -9999 -9999 -9999 -9999 -9999 -9999 -9999 -9999 -9999 -9999 -9999 -9999 -9999 -9999 -9999 -9999 -9999 -9999 -9999 -9999 -9999
-9999 -9999 -9999 -9999 1.80496045454545 3.84524272727273 -9999 -9999 -9999 -9999 -9999 -9999 -9999 -9999 -9999 3.85790863636364 4.15622881818182 6.01454181818182 5.33932345454545 4.93530477975633 5.45093229166667 5.39097755681818 -9999 9.57080468319559 11.23963289597 10.3450473684211 7.67376854545455 9.13100409090909 8.30814745454545 7.30916509090909 9.01596145454545 6.21809545454545 5.51526428571429 7.156226 4.55934863636364 4.89029727272727 4.26289263636364 3.92492483370288 3.78645638528139 3.389884 3.37807448680352 3.16501349282297 3.112762 5.57624618181818 5.59433260188088 -9999 -9999 -9999 -9999 -9999 -9999 -9999 -9999 -9999 -9999 -9999 -9999 -9999 -9999 -9999 -9999 -9999 -9999 -9999 -9999 -9999 -9999
-9999 -9999 1.46893781818182 1.54326690909091 1.48460172727273 3.34418190909091 1.69996181818182 3.87896836363636 -9999 -9999 -9999 -9999 -9999 -9999 -9999 -9999 -9999 -9999 5.33452818181818 6.00346090909091 5.98263545454545 6.02308585858586 5.52995109090909 5.38918863636364 8.07524463636364 6.50783245454545 6.60364554545455 6.64342918181818 7.26912590909091 7.51275590909091 7.84235581818182 7.91157927272727 7.30629136363636 7.18646227272727 7.70202390909091 6.74757554545455 6.89936963636364 6.68718854545455 7.14233454545455 4.378882 4.50132327272727 4.39632709090909 4.94662881818182 5.66161409090909 2.67837305194805 10.371072633552 3.20220454545455 3.58585090909091 2.95983790909091 2.90743245454545 2.38573281818182 13.3755539651838 -9999 -9999 -9999 -9999 -9999 -9999 -9999 -9999 -9999 -9999 -9999 -9999 -9999 -9999 -9999
1.35737809090909 1.512082 -9999 -9999 -9999 -9999 2.85105316804408 3.10058881818182 3.67185831037649 2.79900809090909 3.01852090909091 3.32631690909091 3.34123772727273 -9999 -9999 -9999 -9999 -9999 -9999 -9999 -9999 -9999 -9999 -9999 7.62123618181818 4.95774272727273 5.52695672727273 6.07919936363636 5.84645981818182 6.47063863636364 -9999 -9999 -9999 -9999 -9999 -9999 -9999 -9999 -9999 -9999 -9999 5.03983863636364 6.08314709090909 7.477883 11.4672539090909 6.97928554545455 6.91237018181818 5.84425672727273 6.75656536363636 4.15830590909091 4.03198463636364 2.753351 2.061616 2.78853690909091 2.37235436363636 8.91226863636364 8.06105427272727 -9999 -9999 -9999 -9999 -9999 -9999 -9999 -9999 -9999 -9999
1.77928854545455 -9999 -9999 -9999 -9999 -9999 2.66881818181818 2.88028263636364 3.08928654545455 3.36151327272727 3.448239 4.98301818181818 4.18872254545454 4.69045072727273 4.64341081818182 5.51692354545454 6.60675245454545 6.47980963636364 -9999 -9999 -9999 -9999 -9999 5.39736354545454 4.66210781818182 4.90018772727273 5.12687381818182 4.66894572727273 4.05399263636364 -9999 -9999 -9999 -9999 -9999 -9999 -9999 -9999 -9999 -9999 -9999 -9999 -9999 -9999 -9999 -9999 -9999 -9999 17.120902 13.1151180909091 3.18357190909091 6.09112309090909 4.68148190909091 2.576756 2.77010809090909 2.45933863636364 2.44706418181818 1.78446172727273 3.24830172727273 2.02264545454545 -9999 -9999 -9999 -9999 -9999 -9999 -9999 -9999
2.762694 2.85400672727273 2.83363127272727 3.161957 3.09099036363636 3.12665681818182 3.26796209090909 3.20715318181818 3.69916972727273 4.40043518181818 4.40678354545455 4.369429 4.754922 4.87225154545455 5.090515 4.88573536363636 5.107436 4.86213390909091 6.72398981818182 7.32880936363636 7.81913327272727 7.48791063636364 4.82626454545455 4.99273763636364 8.01610454545455 4.65684463636364 4.34220663636364 3.59778218181818 3.45047727272727 3.36730463636364 -9999 -9999 -9999 -9999 -9999 -9999 -9999 -9999 -9999 -9999 -9999 -9999 -9999 -9999 -9999 -9999 -9999 -9999 10.9627384545455 11.3573357272727 12.0374423636364 -9999 4.68978254545455 2.435283 2.55861045454545 2.24602072727273 2.17196554545455 2.23490154545455 1.90098390909091 12.8461740430622 1.75840881118881 0.568181818181818 45.4328765656566 11.4121345454545 1.23768018181818 1.32995482954545 11.4231035454545
3.66222472727273 3.83144218181818 3.85738709090909 4.26365290909091 4.47448663636364 3.91659254545455 4.25890081818182 4.67127545454545 4.27291772727273 4.53157863636364 4.83426354545455 4.80432109090909 6.584628 4.66444636363636 5.135481 4.72502381818182 5.00962881818182 5.15573490909091 5.04043663636364 7.037796 8.58328554545455 -9999 -9999 -9999 -9999 -9999 -9999 -9999 -9999 -9999 -9999 -9999 -9999 -9999 -9999 -9999 -9999 -9999 -9999 -9999 -9999 -9999 -9999 -9999 -9999 -9999 2.75705181818182 1.99453554545455 2.13433509090909 2.10705454545455 2.92819372727273 3.772008 4.26520327272727 2.81274863636364 2.91166236363636 2.66847936363636 3.15834554545455 -9999 -9999 -9999 -9999 2.45746809090909 1.99013618181818 2.08212963636364 2.69157490909091 3.82064600219058 9.62997161616162
4.05817881818182 4.68211309090909 4.42718672727273 4.349695 5.49199163636364 4.73274063636364 5.62805963636364 6.01726736363636 3.68687063636364 5.09457181818182 3.71245454545455 4.229931 4.27413281818182 4.50449218181818 4.78124209090909 4.58236872727273 4.81298536363636 4.76069309090909 8.74788172727273 9.03834009090909 -9999 -9999 8.36019118181818 7.27877863636364 6.95980954545455 2.71955663636364 -9999 -9999 -9999 -9999 -9999 -9999 -9999 -9999 -9999 -9999 -9999 -9999 -9999 1.97937963636364 2.00034163636364 2.07912536363636 2.038129 1.90859472727273 1.93523563636364 2.02245154545455 2.10918209090909 1.90650563636364 1.93663118181818 1.898798 -9999 2.020308 2.26684672727273 2.216544 2.27984827272727 2.17187963636364 2.17732190909091 1.97799227272727 2.38903672727273 -9999 -9999 -9999 -9999 -9999 -9999 -9999 -9999
3.88219854545455 4.57648554545455 4.56963145454545 4.99041772727273 5.57412727272727 5.88106545454545 6.35654663636364 6.53404272727273 6.14254790909091 7.07036790909091 6.79720481818182 7.69246427272727 5.36778509090909 8.16653790909091 -9999 -9999 -9999 -9999 -9999 -9999 -9999 -9999 8.14257072727273 6.29899327272727 4.63913972727273 2.20530690909091 -9999 -9999 -9999 2.21542918181818 1.86227336363636 -9999 -9999 -9999 -9999 -9999 -9999 -9999 -9999 -9999 -9999 -9999 -9999 -9999 -9999 -9999 -9999 -9999 2.26185781818182 2.29745190909091 2.17933409090909 1.97490954545455 2.06473372727273 2.16146927272727 2.25374645454545 2.27948390909091 1.99022963636364 2.26893236363636 2.11841709090909 2.40593 2.43176372727273 2.98426909090909 4.06879645454545 -9999 -9999 -9999 -9999
3.16274090909091 2.71904036363636 2.82769554545455 2.83178627272727 3.00060454545455 3.61632472727273 4.51215236363636 5.12752563636364 6.45924536363636 6.82210418181818 7.44854063636364 5.18416636363636 -9999 -9999 -9999 -9999 -9999 -9999 -9999 -9999 -9999 -9999 -9999 -9999 -9999 -9999 -9999 -9999 -9999 -9999 -9999 -9999 -9999 -9999 -9999 -9999 -9999 -9999 -9999 -9999 -9999 -9999 -9999 -9999 -9999 -9999 -9999 -9999 -9999 -9999 -9999 -9999 2.07585181818182 2.13455863636364 2.23594509090909 3.69993054545455 2.40620418181818 2.69160818181818 2.37618118181818 -9999 -9999 3.15408609090909 -9999 -9999 -9999 -9999 -9999
2.63356827272727 2.14102827272727 2.41244945454545 2.29259445454545 2.14330054545455 3.50913745454545 3.91753063636364 3.92376709090909 3.74750654545455 4.82890145454545 -9999 -9999 -9999 -9999 -9999 -9999 -9999 -9999 -9999 -9999 -9999 -9999 -9999 -9999 -9999 -9999 -9999 2.73331263636364 2.68702490909091 -9999 -9999 -9999 -9999 -9999 -9999 -9999 -9999 -9999 -9999 -9999 -9999 -9999 -9999 -9999 -9999 -9999 -9999 -9999 -9999 -9999 -9999 -9999 -9999 -9999 -9999 2.53040336363636 2.60495863636364 2.77477972727273 2.12394345454545 -9999 -9999 -9999 -9999 -9999 -9999 -9999 -9999
1.92658036363636 1.911041 2.37977272727273 2.49507472727273 2.08435 2.31616436363636 2.81869454545455 -9999 -9999 -9999 -9999 -9999 -9999 -9999 -9999 -9999 -9999 -9999 -9999 -9999 -9999 -9999 -9999 -9999 -9999 -9999 -9999 -9999 -9999 -9999 -9999 -9999 -9999 -9999 -9999 -9999 -9999 -9999 2.39595736363636 1.62852454545455 1.71276636363636 1.70684545454545 2.84376172727273 3.43154233241506 2.16739963636364 2.64275954545455 2.78139590909091 2.623307 -9999 -9999 -9999 -9999 -9999 -9999 -9999 -9999 -9999 -9999 -9999 -9999 -9999 -9999 -9999 -9999 -9999 -9999 -9999
2.15189536363636 2.15893054545455 2.282046 2.33034563636364 2.00613145454545 2.16564972727273 -9999 -9999 -9999 -9999 -9999 -9999 -9999 -9999 -9999 -9999 -9999 -9999 -9999 -9999 -9999 -9999 -9999 -9999 -9999 -9999 -9999 -9999 -9999 -9999 -9999 -9999 -9999 -9999 -9999 -9999 -9999 -9999 1.58221018181818 1.799814 1.55851154545455 1.67917590909091 1.65383609090909 1.96809390909091 2.17058563636364 1.92765690909091 2.00633245454545 1.71274145454545 1.62209754545455 1.96387645454545 1.73651536363636 1.75711436363636 1.54607345454545 -9999 -9999 -9999 -9999 -9999 -9999 -9999 -9999 -9999 -9999 -9999 -9999 -9999 -9999
1.40820872727273 1.279938 1.70325663636364 1.80513190909091 1.66941509090909 2.01849436363636 -9999 -9999 -9999 -9999 -9999 -9999 -9999 -9999 -9999 -9999 -9999 -9999 -9999 -9999 -9999 -9999 -9999 -9999 -9999 -9999 -9999 -9999 -9999 -9999 -9999 -9999 -9999 -9999 -9999 -9999 -9999 -9999 -9999 4.03464390909091 1.75295881818182 1.91730390909091 1.920759 1.96780272727273 1.95195754545455 2.11434190909091 2.10697609090909 2.07120172727273 1.73393045454545 1.75910209090909 1.94102209090909 2.19451981818182 2.93759154545455 -9999 -9999 -9999 -9999 -9999 -9999 -9999 -9999 -9999 -9999 -9999 -9999 -9999 -9999
1.30836736363636 1.389812 1.49441581818182 1.28827545454545 1.70462672727273 -9999 -9999 -9999 -9999 -9999 -9999 -9999 -9999 -9999 -9999 -9999 -9999 -9999 -9999 -9999 -9999 -9999 -9999 -9999 -9999 -9999 -9999 -9999 -9999 -9999 -9999 -9999 -9999 -9999 -9999 -9999 -9999 -9999 4.45335118181818 2.16096763636364 2.68818572727273 2.07164445454545 2.03697945454545 2.244397 2.28336372727273 2.61697963636364 2.76519836363636 2.63175809090909 2.43427963636364 2.41720536363636 2.01084345454545 1.95414945454545 2.11085509090909 -9999 -9999 -9999 -9999 -9999 -9999 -9999 -9999 -9999 1.90122136363636 1.88086372727273 2.73582281818182 -9999 -9999
1.06954590909091 1.18820272727273 1.28156527272727 1.41435563636364 1.45465309090909 2.00176427272727 1.97074645454545 1.45192472727273 -9999 -9999 -9999 -9999 -9999 -9999 -9999 -9999 -9999 -9999 -9999 -9999 -9999 -9999 -9999 -9999 -9999 -9999 -9999 -9999 -9999 -9999 -9999 -9999 -9999 -9999 -9999 -9999 -9999 -9999 -9999 1.96411381818182 1.74009209090909 1.839528 1.89872254545455 2.07800309090909 2.32286118181818 2.14092536363636 2.33871318181818 2.35003754545455 2.33938627272727 2.42752472727273 2.25180836363636 2.32956454545455 2.45251781818182 3.80664590909091 2.34140054545455 3.24839918181818 6.265244 -9999 -9999 -9999 5.44350609090909 2.09638172727273 3.96219609090909 1.07782463636364 2.91260936363636 5.65201163636364 1.38028354545455
1.22156954545455 1.102063 1.197317 1.15055272727273 1.07637627272727 1.30678027272727 1.53452354545455 1.86685463636364 1.59311109090909 -9999 -9999 -9999 -9999 -9999 -9999 -9999 -9999 -9999 -9999 -9999 -9999 -9999 -9999 -9999 -9999 -9999 -9999 -9999 -9999 -9999 -9999 -9999 -9999 -9999 -9999 -9999 -9999 -9999 -9999 -9999 1.72957945454545 1.82847509090909 1.86091754545455 2.09455163636364 1.97254827272727 2.09214872727273 2.22448809090909 2.22872745454545 2.11955527272727 2.17319409090909 2.07771590909091 2.08230336363636 2.10648836363636 2.30489209090909 3.55075254545455 2.71242581818182 3.47464063636364 3.17133918181818 3.03680218181818 2.84208972727273 2.33560281818182 2.84597427272727 3.14303718181818 3.25889618181818 0.937747 0.852442 3.76492642924086
1.84871336363636 1.56103027272727 1.51488272727273 1.49240663636364 1.42414390909091 1.34905981818182 1.11863809090909 1.44861390909091 1.42477245454545 1.36640318181818 -9999 1.30820090909091 1.38870145454545 1.42293445454545 -9999 -9999 -9999 -9999 -9999 -9999 -9999 -9999 -9999 -9999 -9999 -9999 -9999 -9999 -9999 -9999 -9999 -9999 -9999 -9999 -9999 -9999 -9999 -9999 -9999 -9999 2.284719 1.70101181818182 1.79754890909091 2.06243236363636 2.06083354545455 2.03809863636364 2.03248709090909 2.09178927272727 2.127496 2.16861636363636 2.18406809090909 2.26755254545455 2.14507745454545 2.33693418181818 2.78817927272727 2.81368909090909 2.98535527272727 2.76095763636364 3.66005536363636 3.35276881818182 2.49873627272727 2.11960236363636 4.18002999062793 1.44746954545455 1.54901081818182 1.327158 1.588354
2.16738845454545 2.15853572727273 1.76055836363636 1.79381890909091 1.73830427272727 1.62310745454545 1.50951436363636 1.416525 1.467174 1.49219181818182 1.58821654545455 1.66761963636364 1.36774981818182 1.34553881818182 1.36059963636364 1.39811063636364 1.37543890909091 1.40991054545455 1.46541154545455 -9999 -9999 -9999 -9999 -9999 -9999 -9999 -9999 -9999 -9999 -9999 -9999 -9999 -9999 -9999 -9999 -9999 -9999 -9999 -9999 -9999 2.50630381818182 1.93622245454545 1.94147090909091 1.96635618181818 2.00106836363636 2.32421563636364 2.13027245454545 1.90869709090909 1.97238909090909 2.10927363636364 2.11058481818182 2.25307836363636 2.183597 2.33560909090909 2.24664463636364 3.03457218181818 2.31049536363636 2.477796 2.90999445454545 3.05814863636364 3.04512927272727 2.42041227272727 2.24823909090909 1.992885 1.82470254545455 1.94674490909091 1.82344363636364
2.26860572727273 2.00895945454545 1.85590827272727 1.738015 1.97528609090909 1.92068772727273 1.71679518181818 1.77014890909091 1.62653581818182 1.696049 1.52650027272727 1.605908 1.58240636363636 1.470771 1.344614 1.39506745454545 1.44665036363636 1.47456545454545 1.72366045454545 1.65497218181818 1.53026654545455 1.67751027272727 -9999 -9999 -9999 -9999 -9999 -9999 -9999 -9999 -9999 -9999 -9999 -9999 -9999 -9999 -9999 -9999 -9999 1.49519581818182 1.38910445454545 1.59018354545455 2.19809436363636 2.06673372727273 2.08960736363636 2.05826536363636 1.94934981818182 2.03629945454545 2.06194545454545 1.95572936363636 2.26078190909091 2.32283072727273 2.06755654545455 2.371442 2.59134072727273 2.67547945454545 2.57107536363636 2.52901554545455 2.383962 2.61754890909091 2.81163081818182 2.69583427272727 2.31116463636364 3.03625990909091 2.41247772727273 1.62160190909091 1.60209954545455
2.30843590909091 2.11115227272727 2.31309927272727 2.30295055658627 2.38332506887052 2.19466936363636 1.93137390909091 2.18646063636364 2.031492 1.79226836363636 1.80881654545455 1.67327927272727 1.65783481818182 1.72835418181818 1.82819254545455 1.87058854545455 2.34567656982193 1.94671390909091 2.25885328820116 2.19286148078725 1.94504545454545 1.64701481818182 1.726307 1.83158936363636 -9999 -9999 -9999 -9999 -9999 -9999 -9999 -9999 -9999 -9999 -9999 -9999 -9999 -9999 -9999 2.30493281818182 1.29864254545455 1.33148927272727 1.27493563636364 1.49450172727273 1.59346290909091 1.90309136363636 2.05117872727273 2.11949890909091 2.08399409090909 2.23095390909091 2.320501 2.37338190909091 2.26700727272727 1.92133063636364 1.89123436363636 1.66630081818182 1.75056109090909 2.21118390909091 1.81378718181818 2.77933990909091 3.00412245454545 3.09666490909091 2.17805445454545 2.43039181818182 2.51316754545455 2.86120954545455 1.98443436363636
2.28991590909091 2.52970206185567 2.35326382575758 2.29372717703349 2.21723090909091 2.16653257575758 2.12694854732896 2.1449303030303 2.28202949907236 2.40835609090909 2.50750272727273 2.59455654545455 2.82642327272727 2.81606827272727 2.92642527272727 2.88491212121212 2.63534318181818 2.30489263636364 2.55566654545455 2.64737686868687 2.5151652173913 2.28738481818182 2.22885609090909 2.44411372727273 2.06839145454545 2.26999736363636 2.45660663636364 2.88092727272727 3.27888409090909 -9999 -9999 -9999 -9999 -9999 -9999 4.29058663636364 3.18955454545455 3.14015127272727 2.93730490909091 3.09972427272727 1.39940418181818 1.34418763636364 1.51543927272727 1.72830863636364 2.39892918181818 2.29168418181818 2.24671518181818 2.26907009090909 2.36094863636364 2.31836609090909 2.42318809090909 2.05166163636364 2.12919909090909 2.41008681818182 2.16213463636364 2.40087254545455 1.93752927272727 2.40595436363636 2.30412936363636 2.24620927272727 3.183699 3.30843145454545 3.76991781818182 3.34417681818182 2.65366532333646 2.29740336363636 3.17194627272727
2.26015454545455 2.59043714565005 2.46604635364635 2.30530583732057 2.25990918660287 2.14283812316716 2.10686529814272 1.97575653409091 2.05672821969697 2.5403961722488 2.64078898071625 2.97680702905342 3.29683441558442 3.31404218181818 3.54925927272727 3.71063309090909 3.68607272727273 3.83149390909091 3.66456929499072 2.86293845454545 2.87103990909091 2.67401354545455 3.11631147842057 2.50826663636364 2.72912518181818 2.56252281818182 2.78783109090909 2.897947 3.29760909090909 4.22532954545455 -9999 -9999 -9999 -9999 -9999 -9999 2.044534 1.523448 3.18988781818182 3.14647609090909 1.47296309090909 1.39441272727273 2.64251354545455 2.43372163636364 1.672673 2.44035172727273 3.04629809090909 2.40179027272727 2.67529445454545 2.33835046382189 3.16833463636364 2.29712414772727 2.32506145833333 2.37061358641359 1.96655720844812 1.86805318181818 2.14406327272727 1.74805436363636 2.0729 2.47027490909091 4.065076 3.33422290909091 4.56496809090909 5.12978845454545 3.90358077651515 3.44586600378788 2.09955109090909
-9999 2.50099312896406 2.54810731452456 2.31244287190083 2.25717517875383 2.25047675619835 2.13393366633367 2.02144970355731 2.02799071566731 2.07970694037146 2.85191036168133 3.26707878787879 2.95490303030303 3.83933265306122 3.91743428030303 3.76378672727273 3.97673682745826 4.14493838383838 3.81893346653347 3.88769323232323 3.634603 3.33608636363636 3.40702136363636 3.29926027272727 2.98310381818182 3.022294 3.24009781818182 3.55854518181818 3.77716563636364 4.47964 -9999 -9999 -9999 -9999 -9999 -9999 2.26546027272727 1.84368481818182 1.75626490909091 1.56432454545455 1.54159918181818 1.64823118181818 1.47652736363636 1.51057609090909 1.62554490909091 2.86289936363636 1.861111 3.24307263636364 2.04731590909091 2.15466549165121 2.26462468899522 2.3696356937799 2.17740414141414 2.35622013685239 2.52649924242424 2.13652561094819 2.18075627272727 2.19184818181818 2.37136950757576 2.88463992502343 4.46795490909091 4.36363981818182 3.83096272727273 2.93894328063241 3.4312790719697 1.90718888888889 2.82327372727273
