climate/climategiss-er_run1bwd.asc
NCOLS 255 
NROWS 267 
XLLCORNER -16100344 
YLLCORNER -6047616 
CELLSIZE 50000 
NODATA_value -9999 
[rows 0 to 28 of 267, columns 132 to 197 of 255]
-9999 -9999 -9999 -9999 -9999 -9999 -9999 -9999 -9999 -9999 -9999 -9999 -9999 -9999 -9999 -9999 -9999 -9999 -9999 -9999 1.08493018181818 -9999 -9999 0.497742636363636 2.84876979166667 2.81151101928375 1.95698072727273 2.71896054358013 1.86627915019763 0.413417424242424 3.45249813519814 1.03849728629579 4.68270067698259 6.73805472910927 4.04572354066986 8.79736290909091 9.44431281818182 6.38405584415584 3.15042327272727 4.00643994878361 2.40090798898072 3.9863418972332 2.81454686147186 5.29786721763085 2.31271878121878 2.92294418181818 2.7139435828877 2.442928 1.21971036363636 1.68060390909091 2.45584072727273 3.19733076216713 2.89299845454545 2.32081581818182 1.03442781818182 2.52466890909091 2.81727063636364 2.53649463636364 3.04734437927664 2.38490654545455 2.04676463636364 2.22557627272727 1.93318545454545 -9999 -9999 -9999
-9999 -9999 -9999 -9999 -9999 -9999 -9999 -9999 -9999 1.370317 1.31072136363636 1.55526509090909 1.38966527272727 1.95024636363636 1.747416 1.73130409090909 1.70667536363636 1.299944 3.09711663636364 2.74566363636364 1.62799281818182 1.19957627272727 -9999 0.988668636363636 0.902498545454545 0.813309363636364 0.798056363636364 1.26238154545455 1.42139354545455 1.57731772727273 2.33320991735537 0.933920272727273 1.18246663636364 1.96799219467401 1.1490204775023 1.53021937557392 2.0176668503214 2.88461966604824 1.39796454545455 1.23663018181818 1.20809436363636 1.46452245454545 1.191594 3.36244681818182 2.261521 -9999 -9999 -9999 -9999 -9999 -9999 -9999 -9999 -9999 -9999 -9999 -9999 -9999 -9999 -9999 -9999 -9999 -9999 -9999 -9999 -9999
-9999 -9999 -9999 -9999 -9999 1.05807609090909 1.043866 -9999 -9999 -9999 -9999 -9999 -9999 -9999 -9999 -9999 -9999 -9999 -9999 -9999 -9999 1.39766827272727 1.22905672727273 1.35931354545455 1.29299545454545 1.26449727272727 1.505287 1.58275509090909 1.76245681818182 1.97098245454545 1.47517509090909 1.97275781818182 1.28351318181818 1.79014854545455 1.49689290909091 1.33284036363636 1.28194045454545 1.01179472727273 0.991900909090909 1.66951563636364 -9999 -9999 -9999 -9999 -9999 -9999 -9999 -9999 -9999 -9999 -9999 -9999 -9999 -9999 -9999 -9999 -9999 -9999 -9999 -9999 -9999 -9999 -9999 -9999 -9999 -9999
8.15270327272727 -9999 -9999 -9999 -9999 -9999 9.46216127272727 7.28486172727273 8.02441890909091 -9999 -9999 -9999 2.33968709090909 2.31232281818182 2.03873390909091 1.83000381818182 1.441192 1.18773336363636 -9999 -9999 -9999 -9999 -9999 -9999 -9999 2.07164027272727 2.33574872727273 1.73648818181818 1.10305290909091 1.28939163636364 1.99730063636364 1.68232236363636 1.36738627272727 2.21432145454545 2.13726036363636 2.48577163636364 -9999 -9999 -9999 -9999 -9999 -9999 -9999 -9999 -9999 -9999 -9999 -9999 -9999 -9999 -9999 -9999 -9999 -9999 -9999 -9999 -9999 -9999 -9999 -9999 -9999 -9999 -9999 -9999 -9999 -9999
-9999 -9999 -9999 -9999 -9999 -9999 -9999 -9999 -9999 -9999 -9999 -9999 -9999 -9999 -9999 -9999 -9999 -9999 -9999 -9999 -9999 -9999 8.84830220385675 8.44496648301194 -9999 -9999 -9999 -9999 -9999 -9999 -9999 -9999 -9999 -9999 -9999 -9999 -9999 -9999 -9999 -9999 -9999 -9999 -9999 -9999 -9999 -9999 -9999 -9999 -9999 -9999 -9999 -9999 -9999 -9999 -9999 -9999 -9999 -9999 -9999 -9999 -9999 -9999 -9999 -9999 -9999 -9999
2.52105581818182 1.95414709090909 2.37588263636364 -9999 -9999 -9999 -9999 -9999 -9999 -9999 -9999 -9999 -9999 -9999 -9999 -9999 -9999 -9999 17.3867307272727 9.94728190909091 18.5039216363636 11.6988851818182 14.4660368181818 5.300721 -9999 -9999 5.95987225378788 7.72588509090909 9.55828563636364 5.36202536363636 4.44274818181818 4.32160536363636 2.32826781818182 4.928602 4.33628181818182 -9999 3.58653781818182 5.59493645454545 3.20633490909091 6.25873863636364 3.993069 4.11438472727273 6.94449636363636 -9999 -9999 -9999 -9999 -9999 -9999 -9999 -9999 -9999 -9999 -9999 -9999 -9999 -9999 -9999 -9999 -9999 -9999 -9999 -9999 -9999 -9999 -9999
2.06345818181818 -9999 -9999 -9999 -9999 -9999 7.16471981818182 7.92876181818182 -9999 -9999 -9999 -9999 -9999 -9999 -9999 -9999 -9999 19.9284544545455 17.9078049090909 15.5547731818182 15.8684680909091 17.8908278181818 18.3364578181818 16.9809509090909 -9999 5.76647854545455 6.02235972727273 11.3163138181818 9.433751 14.2072120909091 8.66011109090909 6.47593981818182 9.83883854545454 4.87669418181818 4.06096263636364 4.81003063636364 2.98952618181818 3.99128721590909 3.84367860422406 4.37139026629936 4.15759476584022 3.25938872727273 3.2926366568915 2.90808889952153 2.35900663636364 4.96880672727273 2.9309233492823 -9999 -9999 -9999 -9999 -9999 -9999 -9999 -9999 -9999 -9999 -9999 -9999 -9999 -9999 -9999 -9999 -9999 -9999 -9999
-9999 -9999 -9999 -9999 1.38272054545455 1.26220963636364 4.45379754545455 7.28261036363636 7.27797145454545 7.45272754545455 -9999 -9999 -9999 -9999 -9999 -9999 -9999 -9999 -9999 -9999 4.15895 3.257728 5.66685554545455 4.01306536363636 4.41438736363636 5.14406463636364 4.62844981818182 5.63308445454545 6.15752236363636 6.47460181818182 5.89011172727273 7.11046554545455 7.40792136363636 6.04075418181818 5.782004 4.23348745454545 3.42279590909091 3.37056863636364 2.33671572727273 4.26155963636364 4.56492109090909 3.62024972727273 3.92484118181818 3.81717627272727 3.68547290909091 3.99992454545455 2.68840745454545 2.81938636363636 3.45829327272727 2.65749 1.46060736363636 1.4236241187384 1.41487253787879 10.4913582309582 -9999 -9999 -9999 -9999 -9999 -9999 -9999 -9999 -9999 -9999 -9999 -9999
2.04108618181818 2.19024536363636 1.07326963636364 1.27826263636364 -9999 -9999 -9999 -9999 0.709236636363636 0.859403818181818 1.00813754545455 2.33794009090909 3.42412854545455 4.48962754545455 5.57225118181818 -9999 -9999 -9999 -9999 -9999 -9999 -9999 -9999 -9999 -9999 -9999 5.109389 5.09185381818182 5.42707990909091 5.03774736363636 4.76171518181818 2.77184645454545 -9999 -9999 -9999 -9999 -9999 -9999 -9999 -9999 -9999 -9999 -9999 1.77832318181818 2.37008381818182 5.16376618181818 4.51942254545455 6.575791 6.16597290909091 6.09561563636364 5.31545063636364 3.67053145454545 3.41433372727273 1.50599245454545 0.890139071566731 1.19713745454545 0.915999181818182 9.13735263636364 9.50206390909091 -9999 -9999 -9999 -9999 -9999 -9999 -9999
-9999 1.13338854545455 1.85666572727273 -9999 -9999 -9999 -9999 -9999 1.40926818181818 1.47653790909091 1.33171690909091 3.31154354545455 2.76969881818182 6.02679172727273 5.97293518181818 4.98154618181818 3.98872045454545 7.52093163636364 8.42972036363636 14.0142453636364 -9999 -9999 -9999 -9999 -9999 3.73095227272727 4.98162609090909 4.80484327272727 4.84658081818182 4.60732454545455 4.10147072727273 -9999 -9999 -9999 -9999 -9999 -9999 -9999 -9999 -9999 -9999 -9999 -9999 -9999 -9999 -9999 -9999 -9999 -9999 9.31271227272727 13.2681194545455 3.49304118181818 11.7137094545455 6.56746627272727 2.78958045454545 3.30045409090909 0.684539181818182 0.753211272727273 0.5922645256917 3.64396636363636 5.32032222222222 -9999 -9999 -9999 -9999 -9999
1.21207272727273 1.21234645454545 0.810607727272727 1.35500136363636 1.24536636363636 1.26326518181818 0.849789181818182 1.719538 4.04924336363636 3.08756418181818 2.71742745454545 4.71116672727273 4.63530718181818 5.59522981818182 5.62312981818182 5.99055809090909 5.337725 5.953015 6.70635481818182 5.32726954545455 5.03002172727273 2.96645927272727 2.45777118181818 2.64924272727273 4.85942254545454 3.673977 2.71863918181818 4.44452827272727 4.07645472727273 4.36293790909091 4.09706672727273 4.37767963636364 -9999 -9999 -9999 -9999 -9999 -9999 -9999 -9999 -9999 -9999 -9999 -9999 -9999 -9999 -9999 -9999 -9999 -9999 8.00068890909091 12.3081861818182 12.6025541818182 -9999 7.70380318181818 1.93735890909091 2.25719554545455 1.88962536363636 0.810746909090909 0.502356727272727 0.729611873840445 15.7119758838384 1.45576199494949 0.0278293135435993 0.130853994490358 5.84269772727273
0.734007545454545 1.50819118181818 0.835802454545455 1.20466818181818 0.548600272727273 1.3543 1.97303881818182 5.01014 4.23597872727273 4.90207236363636 5.22075227272727 4.88597509090909 4.192692 4.03101945454545 5.07719472727273 5.08942227272727 5.03113109090909 4.96684954545455 4.76002909090909 5.07731827272727 4.50795827272727 4.839713 3.86450827272727 -9999 -9999 -9999 -9999 -9999 -9999 -9999 -9999 -9999 -9999 -9999 -9999 -9999 -9999 -9999 -9999 -9999 -9999 -9999 -9999 -9999 -9999 -9999 -9999 -9999 2.76696072727273 2.57850454545455 2.38947763636364 2.02153845454545 4.39106672727273 5.85245781818182 8.18869763636364 4.31740909090909 4.12066354545455 1.29343972727273 3.53374972727273 -9999 -9999 -9999 -9999 2.702965 0.713034363636364 0.888022956841139
1.24754181818182 1.68012163636364 1.63551545454545 1.71036963636364 1.600616 1.92930263636364 1.78918690909091 1.79409709090909 1.762693 3.15176290909091 4.23355672727273 4.04532090909091 4.41642763636364 4.568373 4.43202736363636 4.501704 4.838741 4.50430227272727 4.81959345454545 4.66694245454545 2.28416854545455 2.74137327272727 -9999 -9999 1.92583109090909 2.54542781818182 2.36911063636364 3.28932281818182 -9999 -9999 -9999 -9999 -9999 -9999 -9999 -9999 -9999 -9999 -9999 -9999 -9999 0.883700909090909 0.947767363636364 0.924873363636364 1.18496727272727 1.62881209090909 1.71475018181818 1.69670872727273 1.10449545454545 0.935826636363636 1.00948927272727 1.01329754545455 -9999 1.05017454545455 1.30748409090909 0.689774909090909 0.835865818181818 0.949070909090909 1.25377620889749 1.2397101010101 1.90183990909091 -9999 -9999 -9999 -9999 -9999
1.81235136363636 1.80292818181818 2.12665490909091 2.10367236363636 1.99881409090909 2.11970981818182 2.20065609090909 2.37042981818182 2.21740090909091 2.35755818181818 2.04026190909091 3.11398863636364 2.82112827272727 3.62039309090909 3.97750572727273 3.24094554545455 -9999 -9999 -9999 -9999 -9999 -9999 -9999 -9999 3.28806463636364 2.26588290909091 2.59040372727273 2.369482 -9999 -9999 -9999 2.36710790909091 2.66558363636364 -9999 -9999 -9999 -9999 -9999 -9999 -9999 -9999 -9999 -9999 -9999 -9999 -9999 -9999 -9999 -9999 -9999 1.05289472727273 0.765808363636364 0.700835272727273 1.03849363636364 1.21810118181818 1.26593872727273 0.947773909090909 3.92771943907157 4.57931411992263 1.16945888888889 0.940402040816327 0.988141799437676 0.852725645933014 1.36564423617619 1.688786 -9999
1.53279636363636 1.48987354545455 1.72734781818182 1.98243936363636 2.27603618181818 2.32365172727273 2.41122881818182 2.40053018181818 2.26032681818182 3.34201845454545 3.00539309090909 3.35685063636364 3.27913827272727 2.902516 -9999 -9999 -9999 -9999 -9999 -9999 -9999 -9999 -9999 -9999 -9999 -9999 -9999 -9999 -9999 -9999 -9999 -9999 -9999 -9999 -9999 -9999 -9999 -9999 -9999 -9999 -9999 -9999 -9999 -9999 -9999 -9999 -9999 -9999 -9999 -9999 -9999 -9999 -9999 -9999 0.806637363636364 7.96470679522498 1.08065560928433 1.56563171717172 1.17862918181818 1.64232109090909 0.929444818181818 -9999 -9999 1.530857 -9999 -9999
2.23667636363636 2.34498436363636 2.80101072727273 2.76867845454545 2.79102909090909 3.12078763636364 3.06831309090909 2.88971518181818 3.02101454545455 3.12415218181818 2.908875 3.59902036363636 -9999 -9999 -9999 -9999 -9999 -9999 -9999 -9999 -9999 -9999 -9999 -9999 -9999 -9999 -9999 -9999 -9999 2.16522136363636 2.31391227272727 -9999 -9999 -9999 -9999 -9999 -9999 -9999 -9999 -9999 -9999 -9999 -9999 -9999 -9999 -9999 -9999 -9999 -9999 -9999 -9999 -9999 -9999 -9999 -9999 -9999 -9999 3.22482118181818 0.925383636363636 0.775428 1.31109775070291 -9999 -9999 -9999 -9999 -9999
1.37457536363636 1.52955609090909 1.88735090909091 1.464994 1.83081363636364 1.78156972727273 2.615599 2.53338545454545 3.45099509090909 -9999 -9999 -9999 -9999 -9999 -9999 -9999 -9999 -9999 -9999 -9999 -9999 -9999 -9999 -9999 -9999 -9999 -9999 -9999 -9999 -9999 -9999 -9999 -9999 -9999 -9999 -9999 -9999 -9999 -9999 -9999 5.35478439955107 2.82102747933884 1.95924133192389 1.83470214504597 0.827668282828283 1.2472416827853 0.640020939734423 0.922025241779497 1.8557540719697 1.69962890909091 -9999 -9999 -9999 -9999 -9999 -9999 -9999 -9999 -9999 -9999 -9999 -9999 -9999 -9999 -9999 -9999
1.89486418181818 1.35771454545455 1.61806409090909 2.38348618181818 2.23922836363636 1.427111 1.75238836363636 2.05667881818182 -9999 -9999 -9999 -9999 -9999 -9999 -9999 -9999 -9999 -9999 -9999 -9999 -9999 -9999 -9999 -9999 -9999 -9999 -9999 -9999 -9999 -9999 -9999 -9999 -9999 -9999 -9999 -9999 -9999 -9999 -9999 -9999 2.37940592441267 2.6871901010101 0.857645158102767 0.709955922865014 0.617717727272727 0.585078328741965 0.456813110047847 0.473953693181818 0.424491202346041 0.481987940630798 0.460704591368228 0.533174621212121 0.420715957446809 0.642228612440191 0.916711937557392 -9999 -9999 -9999 -9999 -9999 -9999 -9999 -9999 -9999 -9999 -9999
0.971546363636364 0.992788727272727 1.88520709090909 1.03422318181818 1.00071536363636 1.03345118181818 2.01349027272727 1.93267709090909 -9999 -9999 -9999 -9999 -9999 -9999 -9999 -9999 -9999 -9999 -9999 -9999 -9999 -9999 -9999 -9999 -9999 -9999 -9999 -9999 -9999 -9999 -9999 -9999 -9999 -9999 -9999 -9999 -9999 -9999 -9999 -9999 -9999 1.90180104166667 2.44108590909091 2.10774507966261 0.539279272727273 0.537842393320965 0.529252249770432 0.533812029384757 0.556785 0.555222818181818 0.410245818181818 0.448063821892393 0.493394363636364 0.687064100185529 0.683367 -9999 -9999 -9999 -9999 -9999 -9999 -9999 -9999 -9999 -9999 -9999
0.635911363636364 0.699970272727273 0.682655090909091 0.665594909090909 0.609960909090909 1.13441618181818 1.505203 -9999 -9999 -9999 -9999 -9999 -9999 -9999 -9999 -9999 -9999 -9999 -9999 -9999 -9999 -9999 -9999 -9999 -9999 -9999 -9999 -9999 -9999 -9999 -9999 -9999 -9999 -9999 -9999 -9999 -9999 -9999 -9999 -9999 3.00432727272727 2.25497509090909 2.47672490909091 2.53302 1.22018863636364 0.895821181818182 0.906565909090909 0.868761545454546 0.927608363636364 1.04124881818182 0.596168 0.681547636363636 0.520430727272727 0.50487 0.464477272727273 -9999 -9999 -9999 -9999 -9999 -9999 -9999 -9999 -9999 0.561278272727273 0.692764181818182
0.680467090909091 0.691789727272727 0.706372454545455 0.722865 0.669851 0.667661272727273 0.755778272727273 0.992624272727273 1.02545172727273 1.38595518181818 -9999 -9999 -9999 -9999 -9999 -9999 -9999 -9999 -9999 -9999 -9999 -9999 -9999 -9999 -9999 -9999 -9999 -9999 -9999 -9999 -9999 -9999 -9999 -9999 -9999 -9999 -9999 -9999 -9999 -9999 -9999 1.856733 0.773548363636364 0.777957454545455 0.863562818181818 0.983393909090909 0.825430818181818 0.560138 0.867327818181818 0.760128454545455 0.892339090909091 0.868395727272727 0.814564636363636 0.713623727272727 0.719140363636364 1.54650836363636 0.47643 0.683882545454546 1.74838990909091 -9999 -9999 -9999 1.68414563636364 0.758305454545455 0.599426090909091 0.483556909090909
0.942263363636364 0.876680727272727 0.800284 0.709403727272727 1.11486109090909 0.866514272727273 0.688880636363636 0.687280363636364 0.718062909090909 0.782159363636364 1.16986418181818 -9999 -9999 -9999 -9999 -9999 -9999 -9999 -9999 -9999 -9999 -9999 -9999 -9999 -9999 -9999 -9999 -9999 -9999 -9999 -9999 -9999 -9999 -9999 -9999 -9999 -9999 -9999 -9999 -9999 -9999 -9999 0.916581272727273 0.914085727272727 0.914242727272727 1.126176716141 0.899650454545455 0.896600454545455 1.15471945454545 1.12669163636364 0.994725363636364 1.11825545454545 0.955271363636364 0.907433909090909 0.727697272727273 1.17327309090909 2.13441227272727 0.803097727272727 1.66230190909091 1.01003927272727 1.05119181818182 0.949886727272727 0.791603363636364 1.08210345454545 0.584428545454545 2.45948409090909
1.51632996289425 1.59846976076555 1.43727610121837 1.20427863636364 1.06276932966024 1.05871163636364 0.853962363636364 0.924268636363636 0.753857181818182 0.846209818181818 0.975326636363636 1.02549818181818 -9999 0.985997272727273 1.04387009090909 0.814428090909091 -9999 -9999 -9999 -9999 -9999 -9999 -9999 -9999 -9999 -9999 -9999 -9999 -9999 -9999 -9999 -9999 -9999 -9999 -9999 -9999 -9999 -9999 -9999 -9999 -9999 -9999 2.84685172727273 0.98961 1.04473054545455 1.23751184573003 1.29256910946197 1.09481363636364 1.10074990909091 1.20265036363636 1.27248745454545 1.18862881818182 1.27299972727273 1.08706681818182 0.802667181818182 1.15182121212121 1.63228727272727 1.51626463636364 1.10660654545455 0.945222 1.86221281818182 1.28744645454545 0.802965181818182 0.744366 0.739124454545455 0.472286636363636
1.80215507399577 1.57993233471074 1.59329447047798 1.62733820018365 1.2735014995314 1.208717 1.07137463636364 1.04694109090909 0.980854727272727 0.969222545454545 0.902852545454545 1.006787 0.964441636363636 1.01828681818182 0.70398 0.708394727272727 0.738262727272727 0.791200454545455 0.708360727272727 0.711173 0.774194 -9999 -9999 -9999 -9999 -9999 -9999 -9999 -9999 -9999 -9999 -9999 -9999 -9999 -9999 -9999 -9999 -9999 -9999 -9999 -9999 -9999 1.67111718181818 1.49479981818182 1.221686 1.24956009090909 1.21299418181818 1.47217663636364 1.39391772727273 1.18893918181818 1.15932518181818 1.41112354545455 1.22170454545455 1.62295636363636 1.02124045454545 1.07495745454545 1.02968448117539 3.09829045454545 1.05811771799629 1.22588669165886 1.68920572727273 1.71450363636364 1.51676945454545 0.886470272727273 0.921870181818182 0.704372084481175
2.31817988394584 2.1498003030303 1.86953590909091 1.56655981818182 1.42597578849722 1.27727206439394 1.28940745454545 1.21876227272727 1.06258290909091 1.01797709090909 0.867917363636364 0.812455636363636 0.914417 0.941053727272727 0.841659272727273 0.758430181818182 0.619407545454545 0.630136636363636 0.640863090909091 0.710152272727273 0.776833363636364 1.01318218181818 0.739404272727273 1.13500327272727 -9999 -9999 -9999 -9999 -9999 -9999 -9999 -9999 -9999 -9999 -9999 -9999 -9999 -9999 -9999 -9999 -9999 1.10446572727273 0.67102 0.921380454545455 1.31083772727273 1.41016918181818 1.41760072727273 1.36863854545455 1.24866509090909 1.46961681818182 1.04273381818182 1.38870081818182 1.68072218181818 1.51600545454545 1.019142 1.34977845454545 1.52463236363636 1.67933009090909 1.59022509090909 1.88604354545455 1.23057690909091 1.47709081818182 1.60531445454545 1.71076581818182 0.993757818181818 1.34240827272727
2.22418954545455 2.80156818181818 1.84342181818182 1.88858963636364 1.84136090909091 1.73086278409091 1.54437472727273 1.36911327272727 1.21223363636364 1.21026045454545 1.09984645454545 1.01926481818182 0.923199909090909 0.877994454545455 0.778244727272727 0.771674090909091 0.793453727272727 0.786130909090909 0.985100272727273 0.796185636363636 0.905030272727273 0.906429 0.883622272727273 0.506820818181818 0.638737636363636 0.575214181818182 -9999 -9999 -9999 -9999 -9999 -9999 -9999 -9999 -9999 -9999 -9999 -9999 -9999 -9999 -9999 1.22847909090909 0.713768454545455 0.642229090909091 0.714195272727273 0.695648272727273 0.715861454545454 0.973466636363636 0.950400727272727 0.942723636363636 1.06780118181818 1.07672081818182 1.34026763636364 1.42036990909091 1.29923554545455 1.38671709090909 1.56820672727273 1.03518445454545 1.22268127272727 1.55816181818182 1.21827372727273 1.78027045454545 2.05670863636364 1.87163454545455 1.03402390909091 1.36818872727273
3.097544 2.63896390909091 2.29690468603561 2.39873825757576 2.74286953046953 2.26326168132942 2.13004209486166 2.00362233201581 1.41444517338332 1.26668701298701 1.28213829201102 1.12877645454545 1.32904890909091 1.17466390909091 1.31587401285583 1.29671696344892 1.25564630681818 1.29858039772727 1.17148172727273 0.951753 0.920646363636364 1.27823709090909 1.42022972727273 0.709433909090909 0.834729545454545 0.741728454545455 0.561431727272727 0.517132090909091 0.587907909090909 0.558326181818182 0.599307545454545 -9999 -9999 -9999 -9999 -9999 -9999 2.12392472727273 1.96475363636364 1.68191309090909 1.77417954545455 1.72056072727273 0.740335 0.714093727272727 0.719210181818182 0.776670727272727 1.16289609090909 1.05810927272727 1.01808381818182 1.01708 1.11786672727273 1.09647909090909 1.49767081818182 1.26808727272727 1.42591954545455 1.51314509090909 1.55992563636364 1.73468372727273 1.49385890909091 1.76347963636364 1.689139 1.82156681818182 2.08338490909091 2.51752736363636 1.47159727272727 1.17051336363636
-9999 2.59433136363636 2.45155463636364 2.31822529644269 2.3541592513369 2.08641549586777 2.01281425619835 1.97131617336152 1.78526235177866 1.766489446186 1.59990031347962 1.64506888888889 1.27959777562863 1.09839934282585 1.23791088664422 1.34619685746352 1.78381776859504 1.49319919191919 1.49565326086957 1.81863596837945 1.33251157024793 0.900618727272727 0.826144545454545 0.771356090909091 0.819153909090909 0.830599909090909 0.858800090909091 0.794659727272727 0.777880454545455 0.658617090909091 0.613456454545455 0.666811454545455 -9999 -9999 -9999 -9999 -9999 -9999 0.942822181818182 0.839055818181818 2.76199254545455 2.44973872727273 0.832463090909091 0.800927090909091 1.70585563636364 1.57250754545455 0.863792363636364 1.214472 1.20028436363636 1.07093218181818 1.04405454545455 0.994392545454545 1.03120954545455 0.926933636363636 0.866163636363636 1.00105709090909 1.36986454545455 1.45430818181818 1.56155445269017 1.40669290909091 1.68633090909091 1.89169372727273 1.47914463636364 1.694488 1.60029054545455 1.90953918181818
-9999 -9999 -9999 2.6127333677686 2.23092048331415 2.08390514354067 2.0265093544137 2.0151078125 1.90358751515152 1.90764472727273 1.78037395577396 1.85367181818182 1.98624085297419 1.97180763636364 2.02921483957219 2.41715867768595 3.32032102957284 2.40607565656566 3.33123170454545 2.33243715909091 1.9665979338843 1.62178338220919 1.115712 1.05993490909091 0.916075 0.862926636363636 0.974176363636364 0.890079727272727 0.989533818181818 1.06989545454545 1.514702 1.66026290909091 -9999 -9999 -9999 -9999 -9999 -9999 0.803418818181818 0.741815181818182 0.845482181818182 0.888746909090909 1.02794354545455 0.896298909090909 0.832385 0.771483909090909 0.761811818181818 1.46018645640074 1.01098863636364 1.06251330834114 0.911276 0.921122 0.815555252525253 1.06768007736944 0.606911336898396 0.576350295159386 0.780207557502738 1.106673289597 1.23282827272727 1.29971772727273 1.18206154545455 1.33584136363636 1.38611036363636 1.51610009090909 1.45285590909091 1.57003118181818
