climate/climatencar_ccsm3.0_run1bwd.asc
NCOLS 255 
NROWS 267 
XLLCORNER -16100344 
YLLCORNER -6047616 
CELLSIZE 50000 
NODATA_value -9999 
[rows 0 to 28 of 267, columns 132 to 197 of 255]
-9999 -9999 -9999 -9999 -9999 -9999 -9999 -9999 -9999 -9999 -9999 -9999 -9999 -9999 -9999 -9999 -9999 -9999 -9999 -9999 2.71535088819227 -9999 -9999 2.396076 5.04219793814433 2.08682563636364 5.47518318181818 3.66841463636364 7.55854463636364 7.2752565539112 7.37756982591876 6.20329405162738 5.91159644268775 7.66999933481153 7.42386296296296 9.65097575757576 12.7299790909091 5.70854890282132 6.09336200956938 4.23182845849802 3.63258772727273 3.72091170798898 4.21756041426927 4.60182352941176 4.97834106230848 3.30096990909091 3.88501470588235 3.00418075435203 4.50310287569573 3.43386336363636 3.30718134469697 3.51293333333333 3.88270299194476 3.39047478005865 4.04267897153352 2.89152762691854 3.56738417945691 3.24206172839506 4.3776899128269 6.55656823069404 5.83417263056093 7.00669624505929 5.15144220095694 -9999 -9999 -9999
-9999 -9999 -9999 -9999 -9999 -9999 -9999 -9999 -9999 3.61514836363636 5.23701136363636 4.58900009090909 5.24744141414141 3.754767 3.72265509090909 3.64969418181818 3.34900990909091 3.25721163636364 5.3728837524178 6.40258501498502 3.02385845454545 3.250456 -9999 3.60265181818182 4.32644463636364 3.40289690721649 7.25009063636364 3.62577054545455 6.21356309090909 4.71858881818182 5.17760470219436 3.17067218181818 2.84573536363636 3.8704104338843 3.04770055658627 3.59210673796791 4.69921978609626 5.37181173361522 2.9200304040404 3.93512909090909 3.31393241505969 4.52059081818182 4.78019145454545 7.67752929292929 7.10951518181818 -9999 -9999 -9999 -9999 -9999 -9999 -9999 -9999 -9999 -9999 -9999 -9999 -9999 -9999 -9999 -9999 -9999 -9999 -9999 -9999 -9999
-9999 -9999 -9999 -9999 -9999 4.99180721649485 6.56700707070707 -9999 -9999 -9999 -9999 -9999 -9999 -9999 -9999 -9999 -9999 -9999 -9999 -9999 -9999 4.92187116620753 5.42001441689623 4.82371836363636 5.21698916437098 6.14610707070707 5.89530707070707 6.65024415584416 4.97426539888683 5.52533933209647 4.70540672727273 5.32975287569573 5.07620845454545 5.61304058106842 4.82043432282004 4.10966809090909 4.579948 2.90955764023211 2.67027181818182 4.18907443181818 -9999 -9999 -9999 -9999 -9999 -9999 -9999 -9999 -9999 -9999 -9999 -9999 -9999 -9999 -9999 -9999 -9999 -9999 -9999 -9999 -9999 -9999 -9999 -9999 -9999 -9999
18.420678277512 -9999 -9999 -9999 -9999 -9999 22.5143549364614 23.117674354067 20.9705954076851 -9999 -9999 -9999 7.464257 6.80684990909091 6.47740845454546 4.34789294990724 5.21554009090909 4.85449318181818 -9999 -9999 -9999 -9999 -9999 -9999 -9999 5.23996021505376 5.22445347018573 3.42881071770335 3.37855785123967 2.82677722488038 6.74996094276094 5.80646297918949 4.28966177156177 4.9818087040619 4.20637055335968 4.60453043062201 -9999 -9999 -9999 -9999 -9999 -9999 -9999 -9999 -9999 -9999 -9999 -9999 -9999 -9999 -9999 -9999 -9999 -9999 -9999 -9999 -9999 -9999 -9999 -9999 -9999 -9999 -9999 -9999 -9999 -9999
-9999 -9999 -9999 -9999 -9999 -9999 -9999 -9999 -9999 -9999 -9999 -9999 -9999 -9999 -9999 -9999 -9999 -9999 -9999 -9999 -9999 -9999 22.8101755454545 22.7547633636364 -9999 -9999 -9999 -9999 -9999 -9999 -9999 -9999 -9999 -9999 -9999 -9999 -9999 -9999 -9999 -9999 -9999 -9999 -9999 -9999 -9999 -9999 -9999 -9999 -9999 -9999 -9999 -9999 -9999 -9999 -9999 -9999 -9999 -9999 -9999 -9999 -9999 -9999 -9999 -9999 -9999 -9999
7.29427545454546 7.74299872727273 7.07670890909091 -9999 -9999 -9999 -9999 -9999 -9999 -9999 -9999 -9999 -9999 -9999 -9999 -9999 -9999 -9999 18.8807173383318 13.2469648181818 19.4383314901593 21.3312289597001 19.1686641818182 11.7667958181818 -9999 -9999 7.815058 8.26762790909091 11.2418748181818 6.63768545454545 6.75567636363636 6.21651809090909 5.28484690909091 5.71465454545455 5.37323690909091 -9999 13.2673352727273 10.0666588181818 12.8863284545455 11.279339 11.681098 10.4328803636364 10.5466835454545 -9999 -9999 -9999 -9999 -9999 -9999 -9999 -9999 -9999 -9999 -9999 -9999 -9999 -9999 -9999 -9999 -9999 -9999 -9999 -9999 -9999 -9999 -9999
6.01720181818182 -9999 -9999 -9999 -9999 -9999 19.2085259090909 16.7741455454545 -9999 -9999 -9999 -9999 -9999 -9999 -9999 -9999 -9999 18.7672822009569 17.6795401913876 15.483211715089 16.3640119025305 19.4756469237833 17.1397406747891 18.2771818181818 -9999 19.4049815398887 19.14614375 17.8701190082645 10.4107504545455 12.5054846363636 7.26088963636364 6.48094336363636 7.39238127272727 5.27852545454545 4.98163918181818 4.89633190909091 4.618801 5.89207061524334 5.47053590909091 6.2118966033966 5.5814957042957 4.24622609090909 4.877309 4.29331563636364 3.76265254545455 5.20893736363636 10.0027594777563 -9999 -9999 -9999 -9999 -9999 -9999 -9999 -9999 -9999 -9999 -9999 -9999 -9999 -9999 -9999 -9999 -9999 -9999 -9999
-9999 -9999 -9999 -9999 3.95384034090909 4.54954909090909 13.9795542727273 11.5778015454545 12.7625890909091 11.53976 -9999 -9999 -9999 -9999 -9999 -9999 -9999 -9999 -9999 -9999 22.1535989795918 21.5094566790352 22.6551728200371 13.9932671818182 14.4603013636364 11.2687714545455 12.0095478181818 10.6397974545455 11.2797914545455 7.91397145454545 8.98536718181818 10.0184052727273 8.50983490909091 9.67172072727273 6.98652627272727 7.97044990909091 9.056011 7.81214454545455 9.60434 4.55302763636364 8.37733790909091 3.48473345454545 3.44124490909091 3.46046563636364 3.444118 3.60454781818182 6.86020222437137 14.0050680909091 3.360927 3.24346872727273 3.05083127272727 2.98000218181818 2.98023081818182 16.7456371108344 -9999 -9999 -9999 -9999 -9999 -9999 -9999 -9999 -9999 -9999 -9999 -9999
2.900218640955 2.66322858481724 2.67866607310216 2.65598551136364 -9999 -9999 -9999 -9999 2.53499100091827 2.3622246097337 2.37744292408622 10.0629004545455 12.3830966363636 14.4894095454545 13.9720600909091 -9999 -9999 -9999 -9999 -9999 -9999 -9999 -9999 -9999 -9999 -9999 18.2482498181818 7.18337036363636 7.58792963636364 8.35394972727273 6.29513363636364 7.65029481818182 -9999 -9999 -9999 -9999 -9999 -9999 -9999 -9999 -9999 -9999 -9999 7.71820772727273 12.0215799090909 10.6757332727273 18.9389808510638 6.60792918181818 3.34616445454545 3.334268 3.35488854545455 3.16978427272727 3.26398872727273 2.76809836363636 2.41890345454545 2.996084 2.79514063636364 6.43525454545455 9.80547009090909 -9999 -9999 -9999 -9999 -9999 -9999 -9999
-9999 1.73174563636364 2.06661036363636 -9999 -9999 -9999 -9999 -9999 8.341243 6.16882572727273 8.84899990909091 13.0912000909091 13.1278021818182 11.2911949090909 11.5608482727273 12.3201831818182 13.2563756363636 13.8555943636364 13.9046100378788 16.6395931100478 -9999 -9999 -9999 -9999 -9999 10.9052094545455 6.75970836363636 8.13414109090909 6.90851254545455 4.27975636363636 4.18871963636364 -9999 -9999 -9999 -9999 -9999 -9999 -9999 -9999 -9999 -9999 -9999 -9999 -9999 -9999 -9999 -9999 -9999 -9999 21.6900310444874 19.0093464015152 2.808955 5.07922236363636 3.18260590909091 2.85485263636364 3.02955909090909 2.52466618181818 2.616092 2.36135190909091 3.00727054545455 3.34956763636364 -9999 -9999 -9999 -9999 -9999
5.044953 5.21991 5.22414009090909 5.56537954545455 6.11554790909091 5.74035527272727 5.85670436363636 7.86226154545455 9.00924645454545 9.64876427272727 9.61312872727273 10.2198220909091 9.98592509090909 9.02877590909091 6.80571045454545 6.76957281818182 6.33954836363636 6.90806518181818 6.69362854545455 8.836559 8.68131227272727 11.9926512727273 11.3681983636364 9.27015254545455 8.28585309090909 8.20531518181818 10.9388575454545 4.65380872727273 4.48029772727273 4.31233709090909 4.24052745454545 4.07905045454545 -9999 -9999 -9999 -9999 -9999 -9999 -9999 -9999 -9999 -9999 -9999 -9999 -9999 -9999 -9999 -9999 -9999 -9999 12.4832963068182 17.6087661244019 17.9450351325758 -9999 3.42804909090909 2.62191154545455 2.44927154545455 2.40581118181818 2.47550418181818 2.66980209090909 2.61642454545455 16.1221184275184 18.0413369146005 64.8986818181818 61.1901342975207 12.5312869090909
4.926415 5.16825427272727 4.43358627272727 5.12504872727273 5.52858227272727 5.04080245454545 7.07462290909091 5.81749181818182 4.92464436363636 6.67521627272727 6.51583617998164 6.12419651056015 7.106574 6.88030145454545 7.362919 5.81066718181818 7.12006636363636 5.69466636363636 6.694354 6.00533527272727 6.01678218181818 8.142157 9.30811836363636 -9999 -9999 -9999 -9999 -9999 -9999 -9999 -9999 -9999 -9999 -9999 -9999 -9999 -9999 -9999 -9999 -9999 -9999 -9999 -9999 -9999 -9999 -9999 -9999 -9999 4.141939 2.92262736363636 3.61089618181818 2.53233690909091 5.17806981818182 6.27962954545455 5.28003127272727 4.77275172727273 4.33304081818182 2.59072827272727 6.47549409090909 -9999 -9999 -9999 -9999 3.71390009090909 2.35002272727273 2.771741
4.26086681818182 4.60956772727273 4.70041181818182 5.06271563636364 5.10600290909091 3.53697909090909 4.61186727272727 3.93470718181818 4.26637772727273 4.79293781818182 4.17710272727273 5.74390318181818 4.38550936363636 4.57571181818182 5.28927318181818 4.66087254545454 5.23537036363636 5.39583945454545 5.27423345454546 5.09360490909091 8.59356063636364 8.33053927272727 -9999 -9999 5.53474363636364 4.89493354545454 5.46011 4.22496245454545 -9999 -9999 -9999 -9999 -9999 -9999 -9999 -9999 -9999 -9999 -9999 -9999 -9999 2.45352927272727 2.56839581818182 2.45246554545455 2.58656754545455 2.59295881818182 2.61046090909091 2.47661654545455 2.408738 2.013152 2.10325209090909 2.03177490909091 -9999 1.975225 2.24658827272727 2.15564690909091 2.30361754545455 2.33012772727273 2.55285090909091 2.40234818181818 2.823756 -9999 -9999 -9999 -9999 -9999
5.026846 4.82428209090909 3.88331754545455 5.228089 6.32467109090909 4.70196593204775 5.2464551948052 4.93895981818182 4.34173039485767 3.85558754545455 4.30244745454545 3.76301154545455 4.475701 4.91408236363636 4.34449118181818 6.88649545454545 -9999 -9999 -9999 -9999 -9999 -9999 -9999 -9999 6.60324309090909 5.10001545454545 4.34841354545455 3.14596327272727 -9999 -9999 -9999 2.82975663636364 3.02313181818182 -9999 -9999 -9999 -9999 -9999 -9999 -9999 -9999 -9999 -9999 -9999 -9999 -9999 -9999 -9999 -9999 -9999 2.08942009090909 2.08025727272727 2.12371936363636 2.06956218181818 2.14198772727273 2.14217472727273 2.15533372727273 2.38730536363636 2.29055427272727 2.41761181818182 1.92821345454545 2.19849854545455 5.18414363636364 2.30000209090909 3.56691727272727 -9999
3.83243427272727 4.49124618181818 4.28468 3.65875263636364 3.85176872727273 3.04226172727273 2.31909927272727 3.08820509090909 2.87893418181818 5.14957927272727 4.99422945454545 5.26991618181818 7.05599554545455 5.152497 -9999 -9999 -9999 -9999 -9999 -9999 -9999 -9999 -9999 -9999 -9999 -9999 -9999 -9999 -9999 -9999 -9999 -9999 -9999 -9999 -9999 -9999 -9999 -9999 -9999 -9999 -9999 -9999 -9999 -9999 -9999 -9999 -9999 -9999 -9999 -9999 -9999 -9999 -9999 -9999 2.29657690909091 2.74806827272727 5.73181336363636 7.09366254545455 2.58405072727273 2.34421445454545 1.948896 -9999 -9999 2.47539418181818 -9999 -9999
4.76883890909091 4.86246981818182 4.58495845454545 4.58905872727273 5.69528445454545 5.68022954545455 4.838682 5.67556354545455 6.92104781818182 6.10392072727273 5.19101618181818 6.41429309090909 -9999 -9999 -9999 -9999 -9999 -9999 -9999 -9999 -9999 -9999 -9999 -9999 -9999 -9999 -9999 -9999 -9999 4.59502890909091 5.10547818181818 -9999 -9999 -9999 -9999 -9999 -9999 -9999 -9999 -9999 -9999 -9999 -9999 -9999 -9999 -9999 -9999 -9999 -9999 -9999 -9999 -9999 -9999 -9999 -9999 -9999 -9999 2.18213372727273 7.58071981818182 7.57145954545455 3.316299 -9999 -9999 -9999 -9999 -9999
4.04137954545455 4.10534590909091 4.54635781818182 5.08058327272727 5.589631 5.34478509090909 6.00813454545455 5.82488936363636 7.68823181818182 -9999 -9999 -9999 -9999 -9999 -9999 -9999 -9999 -9999 -9999 -9999 -9999 -9999 -9999 -9999 -9999 -9999 -9999 -9999 -9999 -9999 -9999 -9999 -9999 -9999 -9999 -9999 -9999 -9999 -9999 -9999 6.01116009569378 2.46486854545455 2.26625527272727 2.178334 3.16223840445269 5.91014878787879 2.80788024118738 4.68226792645557 11.3884617554859 10.6424846782431 -9999 -9999 -9999 -9999 -9999 -9999 -9999 -9999 -9999 -9999 -9999 -9999 -9999 -9999 -9999 -9999
3.31645309090909 4.07146409090909 3.822188 3.69792445454545 4.04706472727273 3.67492263636364 3.35751154545455 3.64141718181818 -9999 -9999 -9999 -9999 -9999 -9999 -9999 -9999 -9999 -9999 -9999 -9999 -9999 -9999 -9999 -9999 -9999 -9999 -9999 -9999 -9999 -9999 -9999 -9999 -9999 -9999 -9999 -9999 -9999 -9999 -9999 -9999 4.98479236363636 5.54628118181818 2.03035963636364 1.91688154545455 2.01265236363636 2.23331818181818 2.31673945454545 2.37579345454545 2.31824738292011 2.05265218181818 1.97431515151515 2.00666673326673 1.83636755980861 1.67482813397129 1.85965881818182 -9999 -9999 -9999 -9999 -9999 -9999 -9999 -9999 -9999 -9999 -9999
2.85321790909091 3.00615863636364 3.22259709090909 3.72607509090909 3.45807154545455 3.55439527272727 4.04420127272727 4.17718927272727 -9999 -9999 -9999 -9999 -9999 -9999 -9999 -9999 -9999 -9999 -9999 -9999 -9999 -9999 -9999 -9999 -9999 -9999 -9999 -9999 -9999 -9999 -9999 -9999 -9999 -9999 -9999 -9999 -9999 -9999 -9999 -9999 -9999 6.12270196813496 3.91553209090909 3.231075 2.64875781818182 2.20947790909091 2.326963 2.31262236363636 2.38543036363636 2.32678590909091 1.95289090909091 2.03387763636364 2.10412181818182 2.49708254545455 4.07263245454545 -9999 -9999 -9999 -9999 -9999 -9999 -9999 -9999 -9999 -9999 -9999
1.82467781818182 2.11166172727273 1.83962290909091 2.50608245454545 2.61538818181818 3.11640154545455 3.53397654545455 -9999 -9999 -9999 -9999 -9999 -9999 -9999 -9999 -9999 -9999 -9999 -9999 -9999 -9999 -9999 -9999 -9999 -9999 -9999 -9999 -9999 -9999 -9999 -9999 -9999 -9999 -9999 -9999 -9999 -9999 -9999 -9999 -9999 6.012346579194 4.85985881818182 5.01690463636364 4.79420654545455 3.40584409090909 3.64017672727273 3.00306463636364 2.55919036363636 3.19624254545455 2.80659990909091 2.390118 2.47617345454545 2.16527436363636 2.07730318181818 2.16671845454545 -9999 -9999 -9999 -9999 -9999 -9999 -9999 -9999 -9999 2.20120818181818 3.68421936363636
1.81290018181818 2.04128745454545 2.13182745454545 2.18180145454545 2.25337518181818 2.10550927272727 1.98070381818182 2.55995009090909 3.35786645454545 3.52040336363636 -9999 -9999 -9999 -9999 -9999 -9999 -9999 -9999 -9999 -9999 -9999 -9999 -9999 -9999 -9999 -9999 -9999 -9999 -9999 -9999 -9999 -9999 -9999 -9999 -9999 -9999 -9999 -9999 -9999 -9999 -9999 4.62533172727273 2.78930909090909 2.56835872727273 2.28982427272727 2.30561936363636 2.42597063636364 2.27161427272727 2.34169636363636 2.38550290909091 2.36099563636364 2.42923345454545 2.25295454545455 2.29356145454545 2.39814663636364 3.87862509090909 2.04411872727273 2.48256675849403 6.01072390909091 -9999 -9999 -9999 7.98018985645933 3.37015594405594 12.6837748181818 10.4871679475164
2.18065327272727 2.15415618181818 1.93784472727273 2.06119436363636 1.87102254545455 1.86487263636364 1.84014772727273 2.07882736363636 2.18788918181818 2.09186109090909 1.82506245454545 -9999 -9999 -9999 -9999 -9999 -9999 -9999 -9999 -9999 -9999 -9999 -9999 -9999 -9999 -9999 -9999 -9999 -9999 -9999 -9999 -9999 -9999 -9999 -9999 -9999 -9999 -9999 -9999 -9999 -9999 -9999 4.47387 2.76673409090909 3.52044227272727 2.31181 2.75225909090909 2.43844163636364 2.32029318181818 2.49485845454545 2.26496918181818 2.27094445454545 2.20876254545455 2.20573163636364 2.15178172727273 2.30652336363636 2.817043 2.84470345454545 2.69377963636364 3.61905263636364 4.86855118181818 4.84198469387755 3.27546279287723 5.49387582005623 5.96377027272727 5.27437509090909
2.40579936363636 2.39408581818182 2.02125818181818 1.69068218181818 1.94028668503214 1.84303036363636 1.74701418181818 1.86290545454545 2.20425481818182 1.83014554545455 1.96523390909091 1.91825154545455 -9999 1.86596409090909 1.88384390909091 1.87996736363636 -9999 -9999 -9999 -9999 -9999 -9999 -9999 -9999 -9999 -9999 -9999 -9999 -9999 -9999 -9999 -9999 -9999 -9999 -9999 -9999 -9999 -9999 -9999 -9999 -9999 -9999 6.39686718181818 4.43542418181818 4.63546772727273 3.07438609090909 3.13683890909091 2.83982009090909 2.50144827272727 2.69994881818182 2.64254345454545 2.50685336363636 2.47925563636364 2.57483763636364 2.84438909090909 2.49723209090909 2.62010954545455 2.537947 2.74122763636364 3.05907527272727 3.10012527272727 3.02769463636364 4.10012690909091 2.67383145454545 3.62999645454545 2.03063063636364
2.18560163636364 1.96899063636364 1.95033945454545 2.1379560296846 1.96634536363636 2.282753 2.23947163636364 1.91513454545455 2.00483436363636 2.18173209090909 2.33632190909091 2.16893818181818 2.19196763636364 2.19584454545455 1.97438190909091 2.00634745454545 2.11157336363636 2.18585709090909 2.13159081818182 2.09692927272727 2.33065781818182 -9999 -9999 -9999 -9999 -9999 -9999 -9999 -9999 -9999 -9999 -9999 -9999 -9999 -9999 -9999 -9999 -9999 -9999 -9999 -9999 -9999 8.274506 6.34207581818182 4.29442690909091 3.55363 3.44346290909091 3.10948381818182 3.01598036363636 2.55288636363636 2.78313790909091 2.54676681818182 2.64529009090909 2.60938827272727 2.58347015610652 2.38737235621521 2.65470524835989 2.97417190909091 2.50702736742424 2.69203367346939 3.029747 2.95232618181818 2.83559350649351 2.13664159779614 2.21962436363636 2.10312927272727
2.47533550239234 2.16844642166344 2.25045609284333 2.1332335589942 1.88113368421053 1.94719005681818 2.10477320075758 2.2131595126523 2.05388693181818 2.13986776007498 2.18196063636364 2.15125809090909 2.25945418181818 2.27938363636364 2.17794809090909 2.14079272727273 2.144273 2.16515954545455 2.21235427272727 3.00148763636364 3.32598581818182 2.65011245454545 2.46920872727273 2.55153672727273 -9999 -9999 -9999 -9999 -9999 -9999 -9999 -9999 -9999 -9999 -9999 -9999 -9999 -9999 -9999 -9999 -9999 3.41731718281718 3.6898952690167 4.44810172727273 4.26186727272727 3.55636072727273 3.420545 3.38890609090909 2.88709927272727 2.84082436363636 2.46015118181818 2.64962627272727 2.64323536363636 2.62606309090909 2.07501109090909 2.31299472727273 2.572379 2.76136972727273 2.66819936363636 2.78573327272727 2.46493296602388 2.65631927272727 2.62414745454545 2.66049454545455 1.82852154545455 2.45936639118457
2.42615702479339 2.75234380165289 2.32647579281184 2.24294349173554 2.26435578512397 2.37617180796731 2.26365526859504 2.07221260330578 2.07390353535354 2.10521738261738 2.14030256916996 2.42083882575758 2.28288958333333 2.31909227272727 2.12169827272727 2.20346672727273 2.29805027272727 2.360319 3.09125254545455 2.49578054545455 3.49081640112465 2.97006463636364 2.50613727272727 2.30970072727273 2.42027281818182 2.55438663636364 -9999 -9999 -9999 -9999 -9999 -9999 -9999 -9999 -9999 -9999 -9999 -9999 -9999 -9999 -9999 4.22921418181818 3.26515996326905 2.87572381818182 2.64992754545455 2.105212 2.067505 2.94450472727273 2.66382381818182 2.65742763636364 2.65391254545455 2.75444736363636 2.41667345454545 2.25498236363636 2.40095345454545 2.10902154545455 2.06653454545455 1.97651432506887 1.98014681818182 2.32460509090909 1.98878254545455 2.25124445454545 2.58715890909091 2.57735281818182 2.16565818181818 2.21480190909091
3.01110606060606 2.95230941558442 2.84461894852136 2.34011707317073 2.53038367768595 2.37327458677686 2.30656632231405 2.27755809822362 2.12477727272727 2.00415824524313 2.11740179704017 2.00235495867769 2.38791405919662 2.22324735264735 2.272026659857 2.37772797979798 2.48020708133971 2.53731202651515 2.55946988062443 2.42791781818182 2.51151390909091 3.36620133971292 3.26642267942584 2.81305954545455 2.96364236363636 2.79745345454545 2.23743545454545 2.46937981818182 2.69634336363636 3.54298427272727 4.14264563636364 -9999 -9999 -9999 -9999 -9999 -9999 7.50112954545455 4.89132527272727 3.56320909090909 4.28896372727273 3.30656754545455 2.68948045454545 2.24226690909091 2.36949272727273 1.88981154545455 3.63188936363636 3.68433609090909 3.81551336363636 4.02655261707989 2.87360645454545 3.10647290909091 2.28570818181818 2.01657481818182 2.01905227272727 2.29256854545455 2.178217 2.30508472727273 2.16739788797062 2.38090745454545 2.30739927272727 1.97057354545455 2.24974936363636 2.61728090909091 2.63040009090909 2.60956590909091
-9999 3.41880267379679 2.46413112299465 2.49605743801653 2.49988411588412 2.31376676767677 2.3138126659857 2.27827417355372 2.23864143763214 2.03385831485588 1.92759853709509 2.06931431556949 1.96175919661734 1.89916931818182 2.14898904958678 2.35801921487603 2.35546343207354 2.47562464646465 2.59876333992095 2.66409664031621 2.92224564393939 2.46516597938144 2.78970627272727 3.09146110590441 3.02125575139147 2.89347310606061 2.96641666666667 2.89780463636364 2.99148809090909 3.09478718181818 3.78340545454545 4.03462690909091 -9999 -9999 -9999 -9999 -9999 -9999 3.50707954545455 3.36116490909091 3.71256936363636 3.55520009090909 2.85563327272727 2.23355227272727 2.85434463636364 3.67034545454545 1.826718 3.57058301193756 2.59133367346939 3.46806836363636 3.07931272727273 2.37195009469697 2.41177301136364 2.36334034090909 2.43990899718838 2.49702506887052 2.2487685528757 2.35586553030303 2.58203290909091 2.48343978494624 2.49242245454545 2.31305127272727 2.26734985941893 2.53922133580705 2.57242430426716 2.70838571428571
-9999 -9999 -9999 2.92322225378788 2.87683627087198 2.78134845454545 2.75835546372819 2.68434012855831 2.50596183712121 2.35676928229665 2.27062555023923 2.14089845261122 2.25191626794258 2.33369371373308 2.41101131528046 2.60894763257576 2.36157997957099 2.48889171717172 2.66834901185771 2.7927 2.78901559808612 3.50261890909091 2.61588497607656 3.175791 3.19517018181818 3.12207943067034 3.09815417439703 3.07945739210285 2.95828781818182 3.07460818181818 3.33969609090909 4.62631781818182 -9999 -9999 -9999 -9999 -9999 -9999 3.18066045454545 3.08179290909091 3.06750481818182 2.89877272727273 2.46053218181818 2.57672409090909 2.22533690909091 2.07589145454545 1.82413154545455 2.45522895970009 1.78528763636364 2.27636194939082 2.18690359848485 2.22426458333333 2.29170378787879 2.39813552014995 2.28132421150278 2.50588745454545 2.53560927272727 3.23517878787879 2.8047525974026 2.78923562152134 2.56599172727273 1.88769736363636 2.31094118181818 2.46751157024793 2.44882084481175 2.21439618181818
