climate/climatecccma_cgcm3.1_t47_run1bwd.asc
NCOLS 255 
NROWS 267 
XLLCORNER -16100344 
YLLCORNER -6047616 
CELLSIZE 50000 
NODATA_value -9999 
[rows 0 to 28 of 267, columns 132 to 197 of 255]
-9999 -9999 -9999 -9999 -9999 -9999 -9999 -9999 -9999 -9999 -9999 -9999 -9999 -9999 -9999 -9999 -9999 -9999 -9999 -9999 2.48526002190581 -9999 -9999 2.16235036363636 3.80633390909091 2.50056790909091 4.02830532598714 3.12012488521579 4.14838589015152 5.25772850729517 4.69600491118077 5.12991396895787 4.97169944341373 3.87365923753666 4.00247381275441 4.63087681818182 4.83118783943329 6.59628044077135 5.12676382380506 5.00742278074866 2.99811018181818 4.61591122994652 5.35863886113886 4.20615178571429 3.3898452690167 2.91842481818182 4.50761276813075 2.44963245454545 4.35223581818182 3.25259727272727 2.98221954545455 3.57188487940631 3.34983970315399 2.76135863636364 3.77677959183673 2.79584072727273 2.97432157943067 3.37886890909091 3.63272172727273 3.84281312089972 3.623202 4.97717035984849 3.64341046831956 -9999 -9999 -9999
-9999 -9999 -9999 -9999 -9999 -9999 -9999 -9999 -9999 2.27841536363636 2.71246845454545 2.73363763636364 3.24686245454545 3.16148109090909 2.73847890909091 2.59589445454545 2.44003363636364 2.42615 3.69603354545455 4.221467 2.28180554545455 1.81934736363636 -9999 1.86719672727273 1.834391 1.98298381818182 2.38959690909091 2.27082681818182 3.19989872727273 2.91371509090909 2.67901227272727 2.13276027272727 2.08705263636364 2.246225 2.03576790909091 2.27573890909091 2.15738263636364 2.62159418181818 1.89453354545455 2.55069854545455 2.39300554545455 2.92546181818182 2.78477390909091 3.81701736363636 3.53036609090909 -9999 -9999 -9999 -9999 -9999 -9999 -9999 -9999 -9999 -9999 -9999 -9999 -9999 -9999 -9999 -9999 -9999 -9999 -9999 -9999 -9999
-9999 -9999 -9999 -9999 -9999 4.78963263636364 4.68795972727273 -9999 -9999 -9999 -9999 -9999 -9999 -9999 -9999 -9999 -9999 -9999 -9999 -9999 -9999 2.19501290909091 2.55877345454545 2.06030727272727 2.50313663636364 3.22202163636364 3.32312109090909 3.67974854545455 2.48468481818182 2.42399290909091 2.55756363636364 3.02808690909091 3.25908436363636 3.38862663636364 3.33804572727273 3.61572203856749 4.19938328741965 1.61036781818182 1.77920345454545 3.63281390909091 -9999 -9999 -9999 -9999 -9999 -9999 -9999 -9999 -9999 -9999 -9999 -9999 -9999 -9999 -9999 -9999 -9999 -9999 -9999 -9999 -9999 -9999 -9999 -9999 -9999 -9999
17.762471 -9999 -9999 -9999 -9999 -9999 22.5036243636364 21.9501688181818 20.1929769090909 -9999 -9999 -9999 3.65560890909091 3.84687463636364 3.70952781818182 3.03953445454545 2.624798 3.26315836363636 -9999 -9999 -9999 -9999 -9999 -9999 -9999 3.54656727272727 3.37080312213039 2.89928254545455 2.25103868274583 2.04072136363636 4.98399709090909 4.38034018181818 3.97847079889807 3.84045536363636 3.85598036363636 4.32256036363636 -9999 -9999 -9999 -9999 -9999 -9999 -9999 -9999 -9999 -9999 -9999 -9999 -9999 -9999 -9999 -9999 -9999 -9999 -9999 -9999 -9999 -9999 -9999 -9999 -9999 -9999 -9999 -9999 -9999 -9999
-9999 -9999 -9999 -9999 -9999 -9999 -9999 -9999 -9999 -9999 -9999 -9999 -9999 -9999 -9999 -9999 -9999 -9999 -9999 -9999 -9999 -9999 18.6929790909091 15.0581502727273 -9999 -9999 -9999 -9999 -9999 -9999 -9999 -9999 -9999 -9999 -9999 -9999 -9999 -9999 -9999 -9999 -9999 -9999 -9999 -9999 -9999 -9999 -9999 -9999 -9999 -9999 -9999 -9999 -9999 -9999 -9999 -9999 -9999 -9999 -9999 -9999 -9999 -9999 -9999 -9999 -9999 -9999
2.00320327272727 1.88747690909091 1.89660918181818 -9999 -9999 -9999 -9999 -9999 -9999 -9999 -9999 -9999 -9999 -9999 -9999 -9999 -9999 -9999 11.1777225454545 13.0108690909091 13.6835955454545 17.3808940909091 12.1525555454545 10.0745947272727 -9999 -9999 7.83016281818182 9.56461509090909 10.0223176363636 6.69108654545455 6.452193 5.75653127272727 5.11082318181818 6.99685390909091 5.71639745454545 -9999 13.848903 12.7228369090909 14.8583981818182 14.763022 12.3454019090909 13.2427114545455 11.3870080909091 -9999 -9999 -9999 -9999 -9999 -9999 -9999 -9999 -9999 -9999 -9999 -9999 -9999 -9999 -9999 -9999 -9999 -9999 -9999 -9999 -9999 -9999 -9999
1.66956190909091 -9999 -9999 -9999 -9999 -9999 2.59636772727273 3.26471954545455 -9999 -9999 -9999 -9999 -9999 -9999 -9999 -9999 -9999 7.37651745454546 12.3899167272727 14.3591092727273 7.459856 11.8250778181818 11.2168459090909 9.13788809090909 -9999 11.7978893636364 12.8203035454545 8.28532909090909 8.12868718181818 13.1171973636364 7.14684427272727 6.58676245454545 7.52971945454545 5.34585990909091 5.210482 4.83412427272727 4.05810945454545 4.96517832167832 4.10380526315789 4.98617305194805 4.43378192389006 3.61181718181818 3.89350512572534 3.57153087121212 3.23643054545455 7.97539536363636 11.6989894248609 -9999 -9999 -9999 -9999 -9999 -9999 -9999 -9999 -9999 -9999 -9999 -9999 -9999 -9999 -9999 -9999 -9999 -9999 -9999
-9999 -9999 -9999 -9999 1.22657163636364 1.08917990909091 1.368158 5.17658536363636 4.41797754545455 6.04058145454545 -9999 -9999 -9999 -9999 -9999 -9999 -9999 -9999 -9999 -9999 14.7610826363636 14.0299548181818 14.4770983636364 8.75971254545455 6.959198 6.71917690909091 11.9144458181818 7.90864 7.48921290909091 5.83682472727273 6.59821781818182 8.37122981818182 7.468843 7.836975 6.54711590909091 7.28076236363636 8.67969354545455 9.09055536363636 8.98387636363636 3.69748645454545 7.30570872727273 3.40441536363636 3.42141145454545 3.25566163636364 3.22958236914601 3.45198390909091 8.87143313782991 13.7600639328063 2.71783536363636 2.78580772727273 2.31097272727273 1.86229693877551 1.63483718079673 18.5344642324888 -9999 -9999 -9999 -9999 -9999 -9999 -9999 -9999 -9999 -9999 -9999 -9999
0.837721 0.834717181818182 1.08257518181818 1.23906609090909 -9999 -9999 -9999 -9999 1.57227245454545 1.657207 1.76738190909091 2.20861981818182 2.47973063636364 5.59535245454545 5.32243318181818 -9999 -9999 -9999 -9999 -9999 -9999 -9999 -9999 -9999 -9999 -9999 7.49576736363636 4.94454581818182 4.48156172727273 4.89086981818182 4.55429881818182 7.02555345454545 -9999 -9999 -9999 -9999 -9999 -9999 -9999 -9999 -9999 -9999 -9999 5.44228445454545 8.91856545454545 8.97197663636364 14.8057568181818 5.99924472727273 4.21301309090909 3.75547672727273 3.46515227272727 2.83712209090909 2.905416 1.71435636363636 1.25471649048626 2.19133872727273 1.79870709090909 4.91864745454545 3.89111625344353 -9999 -9999 -9999 -9999 -9999 -9999 -9999
-9999 1.07640181818182 1.19621954545455 -9999 -9999 -9999 -9999 -9999 1.16682236363636 2.14513381818182 2.29845790909091 3.96340990909091 3.83357654545455 5.75429836363636 5.78403081818182 5.755144 5.44247645454545 5.90700790909091 6.07746409090909 6.03409118181818 -9999 -9999 -9999 -9999 -9999 4.70293036363636 4.33665081818182 4.46416927272727 4.02790936363636 3.91398118181818 3.79642009090909 -9999 -9999 -9999 -9999 -9999 -9999 -9999 -9999 -9999 -9999 -9999 -9999 -9999 -9999 -9999 -9999 -9999 -9999 17.0435086363636 17.4101182727273 2.51581009090909 3.93169509090909 2.58657890909091 2.24643372727273 2.23315118181818 1.662589 1.59773190909091 5.05958162475822 1.60787363636364 1.52689232323232 -9999 -9999 -9999 -9999 -9999
1.14229545454545 1.68811236363636 1.84259490909091 2.043148 2.104013 2.04959481818182 2.11054036363636 2.33545563636364 3.22015472727273 2.229298 3.18453127272727 4.23697427272727 5.28457136363636 4.63883736363636 5.18265445454545 5.40020636363636 4.88517272727273 5.32778618181818 5.33365354545455 5.22973254545454 5.02100581818182 4.45743145454545 4.88651854545455 4.69188245454545 4.51604927272727 4.46318518181818 4.60005836363636 3.77075536363636 3.72445972727273 3.97603409090909 4.22833518181818 3.93894718181818 -9999 -9999 -9999 -9999 -9999 -9999 -9999 -9999 -9999 -9999 -9999 -9999 -9999 -9999 -9999 -9999 -9999 -9999 11.5059762727273 16.301596 13.6212033636364 -9999 3.47557427272727 2.18604763636364 1.92813081818182 1.65253372727273 1.50268845454545 4.31800727272727 1.06291013257576 20.4422987460815 20.9871927580894 0.12987012987013 65.5318363636364 6.48989009090909
2.29811563636364 2.34102936363636 2.60233427272727 2.47605881818182 2.36226281818182 3.317627 3.79160181818182 3.55146872727273 3.22615536363636 5.12209181818182 4.67408890909091 4.50735636363636 4.68973236363636 4.49777736363636 4.71683336363636 4.73804145454545 4.93056527272727 4.84971918181818 4.65506672727273 4.54645054545455 4.56275936363636 4.55874536363636 4.81098309090909 -9999 -9999 -9999 -9999 -9999 -9999 -9999 -9999 -9999 -9999 -9999 -9999 -9999 -9999 -9999 -9999 -9999 -9999 -9999 -9999 -9999 -9999 -9999 -9999 -9999 1.91446672727273 1.92718163636364 2.11088818181818 1.93093372727273 2.93358118181818 3.24262127272727 4.26754218181818 2.33333554545455 2.30398063636364 2.09093545454545 2.42976881818182 -9999 -9999 -9999 -9999 1.92727627272727 1.60565845454545 2.2488412959381
4.24177790909091 4.38506690909091 4.46861545454545 5.10516581818182 4.89191845454546 4.76212118181818 5.00453390909091 5.40116009090909 4.99615927272727 5.13429572727273 4.45893236363636 4.55785 4.27722318181818 4.23742627272727 4.35435645454545 4.25522363636364 4.621116 4.36337354545455 4.56445836363636 4.44762218181818 7.07839645454545 6.87544354545455 -9999 -9999 5.53105309090909 3.30879772727273 3.89457536363636 3.83599218181818 -9999 -9999 -9999 -9999 -9999 -9999 -9999 -9999 -9999 -9999 -9999 -9999 -9999 1.51787690909091 1.399457 1.38241972727273 1.46705881818182 1.39276627272727 1.37321654545455 1.49101063636364 1.47533645454545 1.26436572727273 1.34073036363636 1.42457654545455 -9999 1.61784654545455 1.67455581818182 1.68517909090909 2.030725 2.11317436363636 1.86133654545455 1.78592409090909 2.02573636363636 -9999 -9999 -9999 -9999 -9999
4.55681836363636 4.933762 4.73870281818182 5.854311 5.29092309090909 5.49745754545455 5.54479336363636 5.46265672727273 6.41906245454545 6.44434363636364 6.80923781818182 4.50658763636364 5.90270790909091 6.12719945454545 5.34916690909091 6.708281 -9999 -9999 -9999 -9999 -9999 -9999 -9999 -9999 5.50015527272727 3.64474245454545 2.87737854545455 2.36967718181818 -9999 -9999 -9999 2.92336690909091 2.07634636363636 -9999 -9999 -9999 -9999 -9999 -9999 -9999 -9999 -9999 -9999 -9999 -9999 -9999 -9999 -9999 -9999 -9999 1.56488145454545 1.41294818181818 1.49433881818182 1.63791418181818 1.73014109090909 1.72196990909091 1.86640145454545 2.79138190909091 3.21280418181818 7.28482790909091 3.40875418181818 4.06100909090909 3.26399090909091 2.97226636363636 2.62152627272727 -9999
4.43666318181818 3.61998172727273 4.20421063636364 4.29842145454545 3.71984081818182 3.70071881818182 3.54607927272727 4.22256472727273 4.06030736363636 7.15871463636364 6.83525845454546 6.41059763636364 7.58569190909091 5.86924745454545 -9999 -9999 -9999 -9999 -9999 -9999 -9999 -9999 -9999 -9999 -9999 -9999 -9999 -9999 -9999 -9999 -9999 -9999 -9999 -9999 -9999 -9999 -9999 -9999 -9999 -9999 -9999 -9999 -9999 -9999 -9999 -9999 -9999 -9999 -9999 -9999 -9999 -9999 -9999 -9999 1.942328 1.84433436363636 4.94999963636364 10.0760907177033 1.942082 1.84163563636364 1.41786490909091 -9999 -9999 2.381264 -9999 -9999
2.70767409090909 3.45462927272727 2.78523345454545 2.67440836363636 3.21108127272727 1.93819790909091 3.53166954545455 2.65669136363636 3.29049372727273 6.69310563636364 5.95394563636364 6.75810472727273 -9999 -9999 -9999 -9999 -9999 -9999 -9999 -9999 -9999 -9999 -9999 -9999 -9999 -9999 -9999 -9999 -9999 2.91201818181818 2.77517618181818 -9999 -9999 -9999 -9999 -9999 -9999 -9999 -9999 -9999 -9999 -9999 -9999 -9999 -9999 -9999 -9999 -9999 -9999 -9999 -9999 -9999 -9999 -9999 -9999 -9999 -9999 1.88514218181818 2.15202336363636 3.36218554545455 4.78537609090909 -9999 -9999 -9999 -9999 -9999
1.38754345454545 1.36725472727273 1.685896 0.951928090909091 2.05903418181818 2.29851409090909 5.09185309090909 4.70521972727273 4.396491 -9999 -9999 -9999 -9999 -9999 -9999 -9999 -9999 -9999 -9999 -9999 -9999 -9999 -9999 -9999 -9999 -9999 -9999 -9999 -9999 -9999 -9999 -9999 -9999 -9999 -9999 -9999 -9999 -9999 -9999 -9999 5.49765194805195 1.7226656684492 1.72254175084175 1.58044134199134 6.31213780991736 9.7699302020202 3.4518649197861 5.44023316115702 3.86568631578947 4.6276084139265 -9999 -9999 -9999 -9999 -9999 -9999 -9999 -9999 -9999 -9999 -9999 -9999 -9999 -9999 -9999 -9999
1.43087954545455 1.27756245454545 1.053399 1.04412236363636 0.987848181818182 0.971038272727273 0.940066 0.896371909090909 -9999 -9999 -9999 -9999 -9999 -9999 -9999 -9999 -9999 -9999 -9999 -9999 -9999 -9999 -9999 -9999 -9999 -9999 -9999 -9999 -9999 -9999 -9999 -9999 -9999 -9999 -9999 -9999 -9999 -9999 -9999 -9999 3.67389598086124 4.17014936461388 1.70133000977517 1.37674270613108 1.53748140020899 2.03486695187166 2.20704139037433 2.07501943573668 1.94237153679654 1.56815197860963 1.28163917748918 2.08986227795193 1.71841475935829 1.88146645768025 1.32639264555669 -9999 -9999 -9999 -9999 -9999 -9999 -9999 -9999 -9999 -9999 -9999
1.29842654545455 1.22430472727273 1.23866545454545 1.17213481818182 1.16904645454545 1.139781 1.07873936363636 1.04183590909091 -9999 -9999 -9999 -9999 -9999 -9999 -9999 -9999 -9999 -9999 -9999 -9999 -9999 -9999 -9999 -9999 -9999 -9999 -9999 -9999 -9999 -9999 -9999 -9999 -9999 -9999 -9999 -9999 -9999 -9999 -9999 -9999 -9999 5.56152436363636 1.80309409090909 1.78318806818182 1.64635359848485 1.66332373205742 1.62924076246334 1.52227310606061 1.54607379110251 1.52025732057416 1.38406603396603 1.39918271728272 1.43908416422287 1.54341121856867 1.73364877810362 -9999 -9999 -9999 -9999 -9999 -9999 -9999 -9999 -9999 -9999 -9999
1.16266890909091 1.16187345454545 1.28242590909091 1.14271290909091 1.19930845454545 1.26679727272727 1.23133845454545 -9999 -9999 -9999 -9999 -9999 -9999 -9999 -9999 -9999 -9999 -9999 -9999 -9999 -9999 -9999 -9999 -9999 -9999 -9999 -9999 -9999 -9999 -9999 -9999 -9999 -9999 -9999 -9999 -9999 -9999 -9999 -9999 -9999 5.64308709090909 4.37926081818182 3.74209009090909 3.83284690909091 3.43647282003711 2.66855272727273 1.86960518181818 1.82619127272727 1.92088072727273 1.80727981818182 1.61584200956938 1.68243840445269 1.42008768328446 1.34321622678397 1.35772088974855 -9999 -9999 -9999 -9999 -9999 -9999 -9999 -9999 -9999 2.20564909090909 4.03478454545455
0.986269454545455 1.05316981818182 1.33994481818182 1.20635481818182 1.20195836363636 1.32001427272727 1.21435963636364 1.230954 1.36203463636364 1.39511972727273 -9999 -9999 -9999 -9999 -9999 -9999 -9999 -9999 -9999 -9999 -9999 -9999 -9999 -9999 -9999 -9999 -9999 -9999 -9999 -9999 -9999 -9999 -9999 -9999 -9999 -9999 -9999 -9999 -9999 -9999 -9999 2.66217234848485 4.17271893939394 4.88882483598875 5.01003377990431 3.3473060918463 2.51898358070501 3.95511981818182 3.98027845454545 3.19442154545455 3.20667672727273 2.43656786042241 3.08777609090909 3.107578 2.37272763636364 1.96067654545455 2.99717118181818 1.71975054545455 2.32767072727273 -9999 -9999 -9999 1.98201293345829 1.3153838277512 11.7592176363636 7.00278172348485
1.30788936363636 1.26535781818182 1.324547 1.24873709090909 1.16001445454545 1.12971863636364 1.04612063636364 1.27014909090909 1.31756790909091 1.300486 1.28393809090909 -9999 -9999 -9999 -9999 -9999 -9999 -9999 -9999 -9999 -9999 -9999 -9999 -9999 -9999 -9999 -9999 -9999 -9999 -9999 -9999 -9999 -9999 -9999 -9999 -9999 -9999 -9999 -9999 -9999 -9999 -9999 2.9086095959596 2.99452557442557 2.52678539325843 1.68222883675464 1.62073841642229 1.60888363636364 1.65643314393939 1.68245340909091 1.59631724461106 1.5648832239925 1.48980278293135 1.42492089971884 2.25072012987013 1.51496235078053 2.33408336363636 1.64112194674013 2.12488190909091 1.72992872727273 1.72853691460055 1.64472378328742 3.11351427272727 1.83728959700094 4.65226636363636 5.22557981818182
1.83048745454545 1.81546663636364 1.65572845454545 1.39866509090909 1.25825927272727 1.19147472727273 1.06777272727273 1.045435 0.967129272727273 1.32391490909091 1.54715518181818 1.38897781818182 -9999 1.15937081818182 1.25181672727273 1.25266181818182 -9999 -9999 -9999 -9999 -9999 -9999 -9999 -9999 -9999 -9999 -9999 -9999 -9999 -9999 -9999 -9999 -9999 -9999 -9999 -9999 -9999 -9999 -9999 -9999 -9999 -9999 5.14999527272727 5.0412097826087 5.48448241106719 4.57442111742424 4.57299793814433 3.3001219138756 2.33577100478469 2.47554526315789 2.49069081339713 1.74743984526112 1.5910828708134 1.77285154639175 1.68673209647495 1.56514251893939 3.37048081818182 1.64137845454545 1.94483063636364 1.84544772727273 2.57884918181818 1.91166929499072 4.00911818181818 6.59146590909091 2.36689636363636 3.05881081818182
2.24659990909091 1.92733109090909 1.83526572727273 1.76184254545455 1.53503263636364 1.49748063636364 1.27179072727273 1.21755972727273 1.31008072727273 1.29618409090909 1.42271672727273 1.48300790909091 1.34299127272727 1.40858718181818 1.29545718181818 1.27649472727273 1.338312 1.49089809090909 1.38855390909091 1.38235327272727 1.51373518181818 -9999 -9999 -9999 -9999 -9999 -9999 -9999 -9999 -9999 -9999 -9999 -9999 -9999 -9999 -9999 -9999 -9999 -9999 -9999 -9999 -9999 7.22864818181818 6.99629036363636 6.79259397129187 5.64716907216495 4.82713607350097 2.67851881818182 3.63625501405811 1.70383607038123 1.83313382209189 1.83422243713733 1.85972105263158 1.78617253787879 1.55908163265306 1.60162244897959 1.66102851674641 2.20711518181818 1.58432118088097 1.58848458498024 3.67352102272727 3.18740712277413 3.0936414893617 1.57296418181818 1.44765436363636 1.49227427272727
2.49127290909091 1.99573545454545 1.92053472727273 1.61075909090909 1.61028581818182 1.31298290909091 1.57118172727273 1.37524309090909 1.30431309090909 1.40135209090909 1.43483763636364 1.34235245454545 1.49146818181818 1.46646245454545 1.51445172727273 1.30793172727273 1.34482954545455 1.39280372727273 1.514539 1.62065690909091 1.81745527272727 1.69480645454545 1.57962963636364 1.62626427272727 -9999 -9999 -9999 -9999 -9999 -9999 -9999 -9999 -9999 -9999 -9999 -9999 -9999 -9999 -9999 -9999 -9999 3.65705612648221 2.89725531100478 3.91159814049587 6.85739797979798 4.43488636363636 3.15304337121212 2.84856298031865 2.22975291866029 2.19211626794258 1.3798493083004 1.67903154545455 2.1666280148423 1.78354555023923 1.31313910984849 1.36269531100478 1.44530361681329 1.58099833822092 1.38452747035573 1.94494907135875 1.49043550239234 1.47652767232767 1.45903256743257 1.43436171717172 1.33093663636364 1.58122348484848
1.76478787878788 2.04154709090909 2.03062227272727 1.77210172727273 1.843399 1.82599118181818 1.73886609090909 1.93885563636364 1.84445281818182 1.87884445454545 1.88540663636364 1.59769018181818 1.466565 1.35877436363636 1.29567663636364 1.318064 1.48236445454545 1.54587663636364 1.94293663636364 1.67510645454545 1.83422190909091 1.77407227272727 1.69549863636364 1.59222090909091 1.61303954545455 1.72934790909091 -9999 -9999 -9999 -9999 -9999 -9999 -9999 -9999 -9999 -9999 -9999 -9999 -9999 -9999 -9999 6.76618354545455 3.49405198863636 3.20139868791003 3.09742654545455 2.17253230174081 1.94205200391007 2.41015482374768 1.96303218181818 1.98663763636364 1.98002509090909 1.96615354545455 2.07716629935721 1.9583173553719 1.49873479960899 1.59544337121212 1.51788955512573 1.71825073313783 1.48073314393939 1.77406785379569 1.49271618181818 1.52787923444976 2.06784574162679 1.99681550239234 1.90293327272727 1.83316345454545
1.86357962037962 1.99272890704801 1.7502013584117 1.8975770661157 2.17720454545455 2.17033497217069 2.13135197428834 1.939589 1.82831209090909 1.677989 1.98242418181818 1.60929736363636 2.08256672727273 1.90113445454545 2.47221490909091 2.23538863636364 2.29194454545455 2.37786327272727 2.05174009090909 1.51272236363636 1.50598690909091 1.82561709090909 1.75946254545455 1.475777 1.566756 1.66598590909091 1.54464454545455 1.66280790909091 1.86927336363636 2.24488290909091 2.57302836363636 -9999 -9999 -9999 -9999 -9999 -9999 3.45270181818182 4.19048445454545 4.70915163636364 6.73752027272727 5.49341963636364 3.99533172541744 3.57726141001855 3.29316609090909 2.81447209090909 2.64394754545455 2.22477536363636 2.08326318181818 2.11160172727273 2.132837 2.06182409090909 2.23078163636364 2.08661980861244 2.001046579194 2.28731681818182 2.22213544536272 2.38419754545455 2.01853998044966 2.16285454545455 1.92302381818182 1.51057966260544 1.89560690909091 2.13915963636364 2.24018027272727 3.77763445454545
-9999 2.83624005994006 2.76108117647059 2.01156144578313 1.9233528342246 1.86996725206612 1.88281 1.89336600790514 1.80374802371542 1.66424217432052 1.66207454545455 1.73931663636364 1.69646318181818 2.47038390909091 2.66236990909091 2.31688372727273 2.23042554545455 2.53265872727273 2.41263090909091 3.08767345454545 2.74579509090909 1.66936263636364 1.59017054545455 1.55775872727273 1.63132263636364 1.59463718181818 1.66188618181818 1.70696190909091 1.71805918181818 1.94132863636364 2.15318636363636 2.57183636363636 -9999 -9999 -9999 -9999 -9999 -9999 4.78929563636364 4.85421354545455 5.47430790909091 3.16726494845361 3.05157536363636 3.43299027272727 2.83509872727273 2.57458063636364 2.37597527272727 2.59903245454545 2.12869672727273 1.99273469387755 2.00952607897153 2.02975810684161 2.01052001836547 1.82003791102515 1.84720691287879 1.93322839737582 3.09680494071146 2.98926226783969 2.56911972920696 2.46787820136852 2.3312473289597 2.21652063636364 1.92674146567718 2.2821 2.1112668503214 2.40676639118457
-9999 -9999 -9999 2.6646344789357 1.93185180722892 1.8868487012987 2.15265975378788 2.15552022263451 1.87833301435407 1.74777196969697 1.72025677179963 1.68837463636364 1.72678581818182 2.03581490909091 2.43364781818182 2.73251340679523 3.19122590909091 2.87421727272727 3.18387090909091 3.10382690909091 3.12410890909091 2.73344381818182 2.19217809090909 2.03334536363636 1.87022309090909 1.83657563636364 1.79148345454545 1.79365436363636 1.73613881818182 1.844885 2.04620109090909 2.54770118181818 -9999 -9999 -9999 -9999 -9999 -9999 3.97775072727273 4.07450236363636 4.08737790909091 3.49652618181818 2.56960190909091 2.40029327272727 2.49736081818182 2.54155672727273 2.06667754545455 1.96553933209647 1.74910590909091 1.80442263257576 1.84348536363636 1.91659245454545 1.85055491651206 1.95373218181818 2.05059724517906 2.32718522727273 2.46149519331243 3.36449535353535 3.13508523949169 3.16803626588465 2.83083923444976 1.78964318181818 1.85737090909091 2.23260779220779 2.37885748393021 2.740941
