climate/climatemri_cgcm2.3.2a_run1bwd.asc
NCOLS 255 
NROWS 267 
XLLCORNER -16100344 
YLLCORNER -6047616 
CELLSIZE 50000 
NODATA_value -9999 
[rows 0 to 28 of 267, columns 132 to 197 of 255]
-9999 -9999 -9999 -9999 -9999 -9999 -9999 -9999 -9999 -9999 -9999 -9999 -9999 -9999 -9999 -9999 -9999 -9999 -9999 -9999 3.10474192949907 -9999 -9999 0.924349181818182 2.03929190909091 0.940599090909091 2.07375045454545 2.25811354545455 3.09927208448118 3.60256575052854 2.7288576446281 3.41828045977011 4.25953518299882 5.86676934046346 2.01557608225108 5.40863684210526 6.30670285714286 4.14634557907846 2.26126463536464 3.27288148558758 1.87008027272727 3.16909922394678 2.91521859979101 3.26262163406214 2.47335408631772 1.99809963636364 3.34674555785124 1.49959709090909 1.97344372727273 2.11406027272727 1.64866336363636 2.16078927272727 2.05479772727273 1.52424954545455 2.50517609090909 1.53229672727273 1.95706809090909 2.08625463636364 2.48327309090909 8.05512827272727 7.90355090909091 7.94296963636364 7.99670809090909 -9999 -9999 -9999
-9999 -9999 -9999 -9999 -9999 -9999 -9999 -9999 -9999 1.72797390909091 1.99423481818182 2.27909509090909 2.38696763636364 2.38319545454545 2.46747336363636 2.30037427272727 2.211488 2.070317 2.18692527272727 2.49574045454545 1.25220190909091 1.70857990909091 -9999 1.80177554545455 1.62061209090909 0.647394090909091 2.96917901353965 2.28670354545455 2.53914854545455 2.26643709090909 2.34205918181818 2.39944418181818 2.24382463636364 2.378154 1.91609627272727 2.31721581818182 2.97139772727273 3.18987610121837 2.184133 2.43257945454545 1.85336381818182 2.80660481818182 2.39161918181818 5.34436018181818 5.600239 -9999 -9999 -9999 -9999 -9999 -9999 -9999 -9999 -9999 -9999 -9999 -9999 -9999 -9999 -9999 -9999 -9999 -9999 -9999 -9999 -9999
-9999 -9999 -9999 -9999 -9999 1.37174036363636 1.31943918181818 -9999 -9999 -9999 -9999 -9999 -9999 -9999 -9999 -9999 -9999 -9999 -9999 -9999 -9999 1.51956954545455 1.70670745454545 1.78653672727273 2.11639772727273 2.48804545454545 2.76767436363636 2.56023618181818 2.74037781818182 3.85021472727273 3.84930718181818 4.32726081818182 4.07383890909091 5.06607318181818 5.36451981818182 4.85171563636364 4.91799463636364 3.39434527272727 4.26762327272727 5.98742 -9999 -9999 -9999 -9999 -9999 -9999 -9999 -9999 -9999 -9999 -9999 -9999 -9999 -9999 -9999 -9999 -9999 -9999 -9999 -9999 -9999 -9999 -9999 -9999 -9999 -9999
7.35957281818182 -9999 -9999 -9999 -9999 -9999 9.30348827272727 7.020076 8.79759909090909 -9999 -9999 -9999 2.284229 2.29131527272727 2.08645736363636 1.90598118181818 1.87208927272727 1.71711563636364 -9999 -9999 -9999 -9999 -9999 -9999 -9999 2.151206 2.33927972727273 3.16381881818182 3.01795490909091 4.22966317254174 2.42351280148423 2.57118330241187 2.06979881818182 5.65484518181818 6.00049836363636 6.10641036363636 -9999 -9999 -9999 -9999 -9999 -9999 -9999 -9999 -9999 -9999 -9999 -9999 -9999 -9999 -9999 -9999 -9999 -9999 -9999 -9999 -9999 -9999 -9999 -9999 -9999 -9999 -9999 -9999 -9999 -9999
-9999 -9999 -9999 -9999 -9999 -9999 -9999 -9999 -9999 -9999 -9999 -9999 -9999 -9999 -9999 -9999 -9999 -9999 -9999 -9999 -9999 -9999 1.46316490909091 1.22702163636364 -9999 -9999 -9999 -9999 -9999 -9999 -9999 -9999 -9999 -9999 -9999 -9999 -9999 -9999 -9999 -9999 -9999 -9999 -9999 -9999 -9999 -9999 -9999 -9999 -9999 -9999 -9999 -9999 -9999 -9999 -9999 -9999 -9999 -9999 -9999 -9999 -9999 -9999 -9999 -9999 -9999 -9999
1.57240190909091 1.42815372727273 1.54304209090909 -9999 -9999 -9999 -9999 -9999 -9999 -9999 -9999 -9999 -9999 -9999 -9999 -9999 -9999 -9999 4.94017354545455 6.67410163636364 4.46933118181818 3.52374009090909 3.78710218181818 4.37651845454545 -9999 -9999 5.62370037105751 5.65778872727273 5.41758036363636 5.22970981818182 5.53391454545454 4.11330118181818 2.89168790909091 1.88006190909091 2.33212654545455 -9999 2.46839518181818 3.74234745454545 1.619895 2.26798609090909 1.98132054545455 2.42042590909091 2.53780254545455 -9999 -9999 -9999 -9999 -9999 -9999 -9999 -9999 -9999 -9999 -9999 -9999 -9999 -9999 -9999 -9999 -9999 -9999 -9999 -9999 -9999 -9999 -9999
1.14593872727273 -9999 -9999 -9999 -9999 -9999 2.66286127272727 4.56972690909091 -9999 -9999 -9999 -9999 -9999 -9999 -9999 -9999 -9999 5.40698209090909 6.20192890909091 5.95516527272727 6.493907 4.757849 4.68903172727273 5.56079181818182 -9999 3.20080081818182 4.60642009090909 3.44953236363636 3.02106854545455 5.39472145454545 4.87938845454545 4.19505490909091 4.11757754545455 3.53002372727273 3.49292336363636 4.02578854545455 2.63632118181818 4.61087918181818 3.50082436363636 4.64269372071228 3.83268399621212 2.63550563636364 3.00836527272727 2.721875 1.73929727272727 2.43543372727273 3.22014827586207 -9999 -9999 -9999 -9999 -9999 -9999 -9999 -9999 -9999 -9999 -9999 -9999 -9999 -9999 -9999 -9999 -9999 -9999 -9999
-9999 -9999 -9999 -9999 1.21613463636364 0.956085545454545 3.13454172727273 3.09860654545455 3.090463 2.89395990909091 -9999 -9999 -9999 -9999 -9999 -9999 -9999 -9999 -9999 -9999 3.84052227272727 4.48877372727273 4.00134763636364 3.84875972727273 2.817302 2.71630227272727 4.70716145454545 3.36298145454545 2.82658218181818 2.84354181818182 2.13858854545455 2.54833909090909 2.35351363636364 4.18952690909091 2.72808918181818 2.32511227272727 2.78234272727273 2.69179854545455 3.717229 2.53138427272727 4.27801881818182 2.31888933209648 1.88671799628942 1.65328014842301 1.84413654916512 2.05429027272727 2.9335189217759 8.54224715284715 1.23958481818182 0.966416818181818 1.08849245454545 1.14189190909091 1.09806890909091 2.91363403263403 -9999 -9999 -9999 -9999 -9999 -9999 -9999 -9999 -9999 -9999 -9999 -9999
0.764496363636364 0.839415454545455 1.01724772727273 1.07745990909091 -9999 -9999 -9999 -9999 1.52977081818182 1.72001 1.72829781818182 1.90598572727273 2.07197118181818 2.17804018181818 2.93770163636364 -9999 -9999 -9999 -9999 -9999 -9999 -9999 -9999 -9999 -9999 -9999 4.18797690909091 2.43901618181818 2.11186390909091 2.35627336363636 3.33972081818182 3.28528809090909 -9999 -9999 -9999 -9999 -9999 -9999 -9999 -9999 -9999 -9999 -9999 1.44534645454545 3.96505145454545 5.27138672727273 10.1656813636364 3.41611090909091 2.945492 3.008605 2.69535754545455 1.25702249770432 1.70297745825603 0.621000363636364 0.761951181818182 0.686941909090909 0.515638636363636 3.18345345454545 4.03823213957759 -9999 -9999 -9999 -9999 -9999 -9999 -9999
-9999 1.05380454545455 1.06243809090909 -9999 -9999 -9999 -9999 -9999 1.22423463636364 1.47522554545455 1.99570772727273 1.92798854545455 2.16362263636364 3.32042163636364 4.07971736363636 3.435706 4.00238418181818 4.22185736363636 5.76566054545455 6.99092690909091 -9999 -9999 -9999 -9999 -9999 2.76447627272727 2.751293 2.68913509090909 3.82779918181818 3.04093854545455 2.31405118181818 -9999 -9999 -9999 -9999 -9999 -9999 -9999 -9999 -9999 -9999 -9999 -9999 -9999 -9999 -9999 -9999 -9999 -9999 11.1235006363636 14.8200468181818 1.85676427272727 3.38661318181818 2.84293372727273 1.06486978879706 1.13840545454545 0.370117363636364 0.402777636363636 0.473852545454545 0.822237569573284 0.628597435897436 -9999 -9999 -9999 -9999 -9999
0.555207090909091 0.540652090909091 0.521594909090909 0.594054363636364 0.60813 0.622182545454545 0.783040818181818 1.18933045454545 1.13816054545455 1.12152872727273 1.57582990909091 2.98254690909091 2.39081009090909 3.45910045454545 5.74786354545455 5.39612427272727 5.26523054545455 4.918616 4.27304663636364 4.66248827272727 3.35167745454545 3.54136654545455 2.75301727272727 3.98692672727273 3.38984681818182 3.52248936363636 3.75798709090909 4.59332109090909 4.16958345454545 3.91421809090909 4.06144263636364 3.87763372727273 -9999 -9999 -9999 -9999 -9999 -9999 -9999 -9999 -9999 -9999 -9999 -9999 -9999 -9999 -9999 -9999 -9999 -9999 13.1559577272727 17.2949549090909 19.2297425454545 -9999 4.01999072727273 1.50834154545455 0.882165454545454 0.567800183654729 0.447482909090909 0.361540816326531 0.437729181818182 11.2727315068493 1.3005024691358 0 0.0649350649350649 6.99116789772727
0.647612818181818 1.09147563636364 0.970540636363636 0.598035181818182 0.814752454545455 0.964992181818182 1.53783418181818 1.231327 2.524136 3.57685018181818 4.06879327272727 3.75951045454545 3.14881572727273 4.545638 4.26385845454545 5.04845290909091 4.76697890909091 4.51994881818182 4.58729054545455 4.56245845454545 4.61950490909091 3.93760372727273 3.96085545454545 -9999 -9999 -9999 -9999 -9999 -9999 -9999 -9999 -9999 -9999 -9999 -9999 -9999 -9999 -9999 -9999 -9999 -9999 -9999 -9999 -9999 -9999 -9999 -9999 -9999 4.83115509090909 4.32733518181818 5.81669945454545 4.49006854545455 7.27048472727273 11.5779091818182 9.66493309090909 5.64937236363636 6.23195236363636 1.76106409090909 5.48587463636364 -9999 -9999 -9999 -9999 4.58586936363636 0.484271521335807 0.725833434343434
1.63603054545455 1.64233672727273 1.73610163636364 1.61653972727273 1.74376318181818 2.92655990909091 2.46892236363636 2.401481 2.35667454545455 2.94095981818182 2.98646872727273 2.88082790909091 4.08033390909091 4.96287454545454 4.242555 5.00499681818182 4.48155354545455 4.15919890909091 4.519213 3.94177536363636 3.91395136363636 4.41569945454545 -9999 -9999 3.36603863636364 3.53551563636364 3.88074290909091 3.76981218181818 -9999 -9999 -9999 -9999 -9999 -9999 -9999 -9999 -9999 -9999 -9999 -9999 -9999 1.34482590909091 1.208995 1.202057 1.31566945454545 2.10666145454545 1.63611318181818 2.12959018181818 1.63712072727273 1.37854863636364 1.43936190909091 1.60717272727273 -9999 1.503221 1.23661054545455 0.882543 0.927661272727273 0.936915454545455 1.03504159779614 0.898143272727273 2.23012481818182 -9999 -9999 -9999 -9999 -9999
3.40252481818182 3.40242236363636 3.77819090909091 3.59214354545455 3.48555563636364 4.356043 4.25705218181818 4.65512690909091 4.702951 4.787694 4.08303754545455 3.831152 4.30455863636364 4.40161436363636 4.19608963636364 4.59547790909091 -9999 -9999 -9999 -9999 -9999 -9999 -9999 -9999 3.71236909090909 3.04528627272727 3.02247672727273 2.71236190909091 -9999 -9999 -9999 2.81653336363636 2.44697472727273 -9999 -9999 -9999 -9999 -9999 -9999 -9999 -9999 -9999 -9999 -9999 -9999 -9999 -9999 -9999 -9999 -9999 1.41057527272727 1.17052190909091 1.17048990909091 1.42153909090909 1.44677236363636 1.44966954545455 1.04142690909091 9.01110965323336 10.142270593692 0.669716106719368 0.647430578512397 0.816453636363636 0.705208903467666 1.03837490909091 1.933849 -9999
3.90755609090909 4.24483181818182 4.34387481818182 4.39687445454546 4.98149981818182 5.09079372727273 5.00874972727273 5.502206 5.71214036363636 6.35479009090909 6.39486663636364 6.16500363636364 6.42360436363636 5.62992909090909 -9999 -9999 -9999 -9999 -9999 -9999 -9999 -9999 -9999 -9999 -9999 -9999 -9999 -9999 -9999 -9999 -9999 -9999 -9999 -9999 -9999 -9999 -9999 -9999 -9999 -9999 -9999 -9999 -9999 -9999 -9999 -9999 -9999 -9999 -9999 -9999 -9999 -9999 -9999 -9999 1.10152654545455 1.36744281818182 2.53429406307978 1.32082560296846 1.527226 1.94662363636364 1.46044854545455 -9999 -9999 1.47777309090909 -9999 -9999
5.13488263636364 5.38097609090909 5.60245909090909 5.620938 6.05984509090909 6.357877 6.58119236363636 6.425152 6.00601963636364 7.06741381818182 6.31078318181818 6.68161463636364 -9999 -9999 -9999 -9999 -9999 -9999 -9999 -9999 -9999 -9999 -9999 -9999 -9999 -9999 -9999 -9999 -9999 2.72677327272727 4.60383036363636 -9999 -9999 -9999 -9999 -9999 -9999 -9999 -9999 -9999 -9999 -9999 -9999 -9999 -9999 -9999 -9999 -9999 -9999 -9999 -9999 -9999 -9999 -9999 -9999 -9999 -9999 1.21496545454545 1.66271290909091 2.71941472727273 1.37042618181818 -9999 -9999 -9999 -9999 -9999
3.99948063636364 4.65124363636364 5.276434 5.07147572727273 5.93450581818182 5.56267127272727 5.94714636363636 6.408974 6.61692981818182 -9999 -9999 -9999 -9999 -9999 -9999 -9999 -9999 -9999 -9999 -9999 -9999 -9999 -9999 -9999 -9999 -9999 -9999 -9999 -9999 -9999 -9999 -9999 -9999 -9999 -9999 -9999 -9999 -9999 -9999 -9999 6.90758719008265 6.72833354673495 6.79098207426376 6.82883396464646 2.3923058968059 1.12985386363636 3.2000414403778 1.08338556818182 1.89632024793388 1.74168834224599 -9999 -9999 -9999 -9999 -9999 -9999 -9999 -9999 -9999 -9999 -9999 -9999 -9999 -9999 -9999 -9999
1.50954054545455 1.79562263636364 2.68270454545455 1.88860345454545 1.82849809090909 2.10499845454545 1.89079763636364 2.87436736363636 -9999 -9999 -9999 -9999 -9999 -9999 -9999 -9999 -9999 -9999 -9999 -9999 -9999 -9999 -9999 -9999 -9999 -9999 -9999 -9999 -9999 -9999 -9999 -9999 -9999 -9999 -9999 -9999 -9999 -9999 -9999 -9999 5.54470995670996 5.54161915584416 5.5921145661157 3.7735402892562 5.00552789968652 1.48439050505051 0.98930449657869 1.02620488758553 1.0863042957043 1.13483767676768 2.06648581418581 0.900385640495868 3.16713908045977 5.04744242424242 7.00150955120829 -9999 -9999 -9999 -9999 -9999 -9999 -9999 -9999 -9999 -9999 -9999
0.845461454545455 0.860870636363636 1.21140236363636 0.918820545454545 0.785862181818182 0.804883636363636 0.806524545454545 1.413534 -9999 -9999 -9999 -9999 -9999 -9999 -9999 -9999 -9999 -9999 -9999 -9999 -9999 -9999 -9999 -9999 -9999 -9999 -9999 -9999 -9999 -9999 -9999 -9999 -9999 -9999 -9999 -9999 -9999 -9999 -9999 -9999 -9999 3.2640749516441 3.86772783505155 3.94252973484848 3.73334160079051 2.23988914956012 1.94441339198436 2.83047391304348 2.41583481624758 3.28430502901354 0.974305376344086 1.13821221896383 3.798922971652 5.41966392961877 6.24266060606061 -9999 -9999 -9999 -9999 -9999 -9999 -9999 -9999 -9999 -9999 -9999
0.596889727272727 0.556263181818182 0.616971636363636 0.571509090909091 0.526340909090909 0.902953272727273 0.780263272727273 -9999 -9999 -9999 -9999 -9999 -9999 -9999 -9999 -9999 -9999 -9999 -9999 -9999 -9999 -9999 -9999 -9999 -9999 -9999 -9999 -9999 -9999 -9999 -9999 -9999 -9999 -9999 -9999 -9999 -9999 -9999 -9999 -9999 3.67975885660731 3.65374854545455 3.56256418181818 3.40503336363636 3.21633513257576 3.35383413729128 2.98234058769513 2.31791709090909 3.20221481818182 3.01505018181818 1.295507 2.060629 0.948479727272727 1.36692530459231 2.584131 -9999 -9999 -9999 -9999 -9999 -9999 -9999 -9999 -9999 0.859392363636364 0.920882090909091
0.610955909090909 0.532380090909091 0.488819818181818 0.433875909090909 0.427369 0.468146090909091 0.487888363636364 0.886969454545455 0.638454454545455 0.627364454545455 -9999 -9999 -9999 -9999 -9999 -9999 -9999 -9999 -9999 -9999 -9999 -9999 -9999 -9999 -9999 -9999 -9999 -9999 -9999 -9999 -9999 -9999 -9999 -9999 -9999 -9999 -9999 -9999 -9999 -9999 -9999 3.012191 2.29588145454545 2.06436215213358 1.46473691460055 1.58722417994377 1.50016409550046 1.21510545454545 1.51967606679035 1.57146063636364 1.6379870523416 1.86738945454545 1.40580472727273 1.90034701561065 2.23949627272727 4.58145536363636 1.70032609090909 4.01735727272727 6.57559590909091 -9999 -9999 -9999 4.48003290909091 0.873621818181818 1.33624354545455 0.626069727272727
0.455871 0.427628636363636 0.421643545454545 0.394668 0.518588090909091 0.783330363636364 0.489938181818182 0.471559545454545 0.463955272727273 0.432067727272727 0.494580818181818 -9999 -9999 -9999 -9999 -9999 -9999 -9999 -9999 -9999 -9999 -9999 -9999 -9999 -9999 -9999 -9999 -9999 -9999 -9999 -9999 -9999 -9999 -9999 -9999 -9999 -9999 -9999 -9999 -9999 -9999 -9999 2.20033562901745 1.4173819109462 1.43342043111528 1.44914381818182 1.33477557392103 1.34706029684601 1.466944 1.52529109461967 1.36580045454545 1.35808490909091 1.18707381818182 1.07016390909091 0.993049454545455 1.04731945454545 3.111319 0.889662 2.01095790909091 0.989753272727273 1.04727827272727 1.02161236363636 0.829579090909091 1.10998454545455 3.53908327272727 6.29073845454545
0.817372545454545 0.834326454545455 0.805490272727273 0.475224818181818 0.59518 0.55879 0.671876636363636 0.501473818181818 0.538982363636364 0.468540363636364 0.490025545454545 0.545329363636364 -9999 0.740865727272727 1.07019918181818 0.774589090909091 -9999 -9999 -9999 -9999 -9999 -9999 -9999 -9999 -9999 -9999 -9999 -9999 -9999 -9999 -9999 -9999 -9999 -9999 -9999 -9999 -9999 -9999 -9999 -9999 -9999 -9999 2.84827909090909 1.39489181818182 1.26474809090909 1.51327327272727 1.411782 1.16784536363636 1.138 1.16328365472911 1.17907208448118 1.13538481818182 1.14989536363636 0.929047727272727 0.653053545454545 0.927747272727273 1.20491990909091 0.969575727272727 0.857226727272727 0.697142181818182 1.19781554545455 0.938859363636364 0.866224545454545 2.40242663636364 6.191301 1.81849009090909
1.43380281818182 0.747781272727273 0.616262272727273 0.605193909090909 0.610013727272727 0.704651727272727 0.501896545454545 0.419151 0.386577818181818 0.414884545454546 0.440775454545455 0.440792272727273 0.472693090909091 0.547550545454545 0.545551181818182 0.473788 0.529936181818182 0.577769727272727 0.827919 0.816346545454545 1.15807254545455 -9999 -9999 -9999 -9999 -9999 -9999 -9999 -9999 -9999 -9999 -9999 -9999 -9999 -9999 -9999 -9999 -9999 -9999 -9999 -9999 -9999 1.69055781818182 1.53069009090909 1.23276036363636 1.235412 1.15484536363636 1.38306309090909 1.33066836363636 1.05275009090909 0.961602181818182 1.02480627272727 0.978538181818182 1.09906918181818 0.732424818181818 0.718687818181818 0.712008818181818 1.65500618181818 0.628382818181818 0.757208999081726 0.920230818181818 0.880138727272727 0.908459 2.456522 2.46395481818182 0.596296363636364
1.49224636363636 1.189909 1.138405 1.00104454545455 0.928971272727273 0.689992272727273 0.632767545454545 0.612477545454545 0.577834636363636 0.559046909090909 0.528637909090909 0.510656363636364 0.439021727272727 0.514391 0.551525454545455 0.475233363636364 0.540475545454545 0.463798363636364 0.498517545454545 1.16827009090909 1.22461190909091 1.35930972727273 1.11069009090909 1.32368054545455 -9999 -9999 -9999 -9999 -9999 -9999 -9999 -9999 -9999 -9999 -9999 -9999 -9999 -9999 -9999 -9999 -9999 1.36858427272727 0.652030090909091 0.861242363636364 1.29643027272727 1.29440990909091 1.33776918181818 1.20836718181818 1.17635790909091 1.24347481818182 0.863773636363636 0.576717 1.24499281818182 1.19422190909091 0.748647181818182 0.874203 1.07998227272727 1.23224627272727 1.21158209090909 1.05151481818182 3.27021181818182 1.01232890909091 1.315068 3.43119263636364 0.875122909090909 1.50142245454545
2.26574721706865 2.27040486685032 1.53136864564007 1.04651404958678 1.700380131209 1.06567154545455 1.38222040816327 0.920843135435993 0.648982454545455 0.687392181818182 0.613001454545455 0.503468818181818 0.537470454545455 0.497890636363636 0.499889636363636 0.441299818181818 0.533152363636364 0.631932454545455 1.27817409090909 0.554421727272727 1.20054672727273 1.33820990909091 1.521616 0.542507727272727 0.750427090909091 0.680595454545455 -9999 -9999 -9999 -9999 -9999 -9999 -9999 -9999 -9999 -9999 -9999 -9999 -9999 -9999 -9999 1.34481509090909 0.640551181818182 0.589302909090909 0.600596909090909 0.627047 0.667876181818182 0.924600454545455 0.701476272727273 0.674172454545455 0.682405545454545 0.729788090909091 1.02490972727273 1.06348145454545 0.957591 0.713718363636364 0.695140363636364 0.65305 0.688203363636364 0.820301727272727 0.720218818181818 1.06156872727273 1.04935079662605 1.10411818181818 0.633540818181818 0.649524818181818
2.18401705716963 1.9465586270872 1.99832442607897 1.80478972727273 2.78337838589981 2.62193436363636 2.30337409090909 2.059649 1.65023336363636 1.30388190909091 1.54047418181818 0.922358363636364 1.604942 0.770763090909091 0.919704181818182 0.905801363636364 1.03985354545455 1.51492054545455 1.19565572727273 0.697329090909091 0.702904363636364 1.26612354545455 1.679198 0.655735181818182 0.790009454545454 0.725775545454545 0.625314727272727 0.633737272727273 0.75243 0.955328 1.93680109090909 -9999 -9999 -9999 -9999 -9999 -9999 1.66318218181818 2.08073781818182 1.85012918181818 1.61072472727273 1.49939263636364 0.617399 0.602786818181818 0.661499272727273 0.676245545454545 0.959991909090909 1.05147218181818 0.856777090909091 0.805185181818182 0.905305636363636 0.856858818181818 1.12798136363636 0.841350321395776 0.810197520661157 0.873707177033493 0.691725550239234 0.583331237911025 0.859957545454546 0.713511502782931 0.726049090909091 0.785688090909091 0.88105303030303 0.986293675889328 1.06366381818182 1.18262772727273
-9999 1.44512409090909 1.32766509090909 2.557423 2.99569336363636 2.20398509090909 2.68687012987013 2.16931505681818 2.125897 0.999636727272727 1.52316651205937 1.29739605142332 0.760674454545455 1.09388409090909 0.909341818181818 0.999965818181818 1.03370690909091 1.22516663636364 1.84833481818182 1.658046 1.17151145454545 0.741623363636364 0.774989545454545 0.783191 0.872918909090909 0.966675181818182 1.11625009090909 1.12167590909091 1.01285836363636 1.23909945454545 1.79410718181818 2.44561427272727 -9999 -9999 -9999 -9999 -9999 -9999 1.139203 0.972640818181818 2.80247163636364 2.45967618181818 0.692434363636364 0.673128090909091 1.49246863636364 1.51208263636364 0.693231090909091 1.04674572727273 1.18065927272727 1.007345 0.882486868686869 0.890069090909091 0.834265102639296 0.764028754940711 0.659081103166496 0.654738181818182 0.945646343873518 0.96156725317693 1.05398966507177 0.931956607310216 0.850913543599258 0.775289034676664 1.06948909090909 1.21765436363636 1.307399 1.41766663636364
-9999 -9999 -9999 2.12238154545455 1.86582790909091 2.96900190909091 3.5691013986014 3.21021848825332 2.90144995112414 2.15451617336152 1.43732140762463 1.37059383838384 1.4038615530303 1.33173427272727 1.93088423005566 1.559947 1.63440227272727 1.65779154545455 1.70265581818182 2.02273827272727 1.69755109090909 1.74916863636364 0.796737454545455 0.793511636363636 0.855888181818182 0.968237090909091 0.900231 1.17387209090909 1.49935509090909 1.71237709090909 2.15076918181818 2.83835436363636 -9999 -9999 -9999 -9999 -9999 -9999 0.985723363636364 0.945190909090909 1.161459 1.164636 0.617669636363636 0.682726727272727 0.693624545454545 0.863319636363636 0.628378181818182 1.39070754545455 0.774867363636364 0.931242090909091 0.917222009569378 0.818909090909091 0.863687951807229 0.721136466942149 0.888239811912226 1.54183150826446 1.43656645768025 1.94915612648221 1.44786247582205 1.43617357075914 2.25002218181818 1.17668581818182 1.063434 1.17966136363636 1.37836772727273 1.535809
