climate/climategfdl-cm2.1_run1bwd.asc
NCOLS 255 
NROWS 267 
XLLCORNER -16100344 
YLLCORNER -6047616 
CELLSIZE 50000 
NODATA_value -9999 
[rows 0 to 28 of 267, columns 132 to 197 of 255]
-9999 -9999 -9999 -9999 -9999 -9999 -9999 -9999 -9999 -9999 -9999 -9999 -9999 -9999 -9999 -9999 -9999 -9999 -9999 -9999 0.843111 -9999 -9999 1.03549436363636 4.00688113391984 3.80631487603306 1.96869100281162 3.62505397129187 0.757506871035941 1.674083655706 0.336700336700337 1.96451160541586 9.64202272727273 11.5960114100186 7.44460527272727 12.3765367464115 12.6511884848485 9.98055289256198 2.39369507119387 2.28328829787234 3.48249081818182 2.30597330754352 0.330012453300125 7.57110222634508 2.11470757575758 3.58809879406308 1.59303617021277 3.08345157699443 1.61289709090909 2.04915636363636 3.29875895032802 2.86271638257576 3.07502481060606 2.92345593692022 1.27980909090909 2.72103849721707 3.08137448979592 3.15835176252319 2.39412145877378 3.99256536363636 3.40496268939394 3.73278363636364 3.49265539772727 -9999 -9999 -9999
-9999 -9999 -9999 -9999 -9999 -9999 -9999 -9999 -9999 2.006268 1.78234672727273 2.37134727272727 2.47691254545455 2.63919227272727 2.33811427272727 2.13976890909091 2.09571281818182 1.668604 6.02614285714286 5.52011051136364 3.71470136363636 1.308985 -9999 1.19633745454545 1.13237209090909 1.80956954545455 2.083704 1.57273836363636 1.899273 1.88623472727273 3.94652472727273 2.36348718181818 2.33608418181818 4.02126009090909 2.098048 2.95816636363636 4.53644217432052 4.60484555335968 3.30505709090909 1.18067872727273 1.58180754545455 1.164671 0.982937272727273 1.87381590909091 2.15749654545455 -9999 -9999 -9999 -9999 -9999 -9999 -9999 -9999 -9999 -9999 -9999 -9999 -9999 -9999 -9999 -9999 -9999 -9999 -9999 -9999 -9999
-9999 -9999 -9999 -9999 -9999 1.47282081818182 1.87290727272727 -9999 -9999 -9999 -9999 -9999 -9999 -9999 -9999 -9999 -9999 -9999 -9999 -9999 -9999 1.563533 1.52367736363636 1.24107918181818 1.62589454545455 2.31881936363636 1.78118581818182 2.17409927272727 1.52711181818182 1.80564590909091 1.57613709090909 2.46015927272727 1.58012 2.88420718181818 2.99235827272727 1.55445145454545 1.43785572727273 1.70308090909091 1.53674372727273 1.97305772727273 -9999 -9999 -9999 -9999 -9999 -9999 -9999 -9999 -9999 -9999 -9999 -9999 -9999 -9999 -9999 -9999 -9999 -9999 -9999 -9999 -9999 -9999 -9999 -9999 -9999 -9999
10.1015152727273 -9999 -9999 -9999 -9999 -9999 11.9498630797774 9.50419072356215 10.0620092783505 -9999 -9999 -9999 2.42862690909091 2.36478190909091 2.25452572727273 1.91514927272727 1.65502727272727 1.38935772727273 -9999 -9999 -9999 -9999 -9999 -9999 -9999 2.16017272727273 1.93247672727273 1.639182 1.14333609090909 1.78733764921947 4.47660693533271 4.42341390909091 3.47866464646465 3.34468054545455 2.41567363636364 2.37219509090909 -9999 -9999 -9999 -9999 -9999 -9999 -9999 -9999 -9999 -9999 -9999 -9999 -9999 -9999 -9999 -9999 -9999 -9999 -9999 -9999 -9999 -9999 -9999 -9999 -9999 -9999 -9999 -9999 -9999 -9999
-9999 -9999 -9999 -9999 -9999 -9999 -9999 -9999 -9999 -9999 -9999 -9999 -9999 -9999 -9999 -9999 -9999 -9999 -9999 -9999 -9999 -9999 12.715584 14.1882244545455 -9999 -9999 -9999 -9999 -9999 -9999 -9999 -9999 -9999 -9999 -9999 -9999 -9999 -9999 -9999 -9999 -9999 -9999 -9999 -9999 -9999 -9999 -9999 -9999 -9999 -9999 -9999 -9999 -9999 -9999 -9999 -9999 -9999 -9999 -9999 -9999 -9999 -9999 -9999 -9999 -9999 -9999
2.21079963636364 2.35356790909091 2.31844154545455 -9999 -9999 -9999 -9999 -9999 -9999 -9999 -9999 -9999 -9999 -9999 -9999 -9999 -9999 -9999 13.5261681818182 11.4751371818182 16.9729880909091 17.1259738181818 14.2135904545455 6.30527681818182 -9999 -9999 5.84089008264463 7.61461445454545 7.23294890909091 5.6771806122449 5.45447590909091 5.80234216634429 3.68246572727273 4.67208858998145 4.67597755102041 -9999 11.1836023636364 6.42565581818182 9.96998827272727 7.50615390909091 7.71615863636364 6.13569154545455 6.83764963636364 -9999 -9999 -9999 -9999 -9999 -9999 -9999 -9999 -9999 -9999 -9999 -9999 -9999 -9999 -9999 -9999 -9999 -9999 -9999 -9999 -9999 -9999 -9999
3.16127927272727 -9999 -9999 -9999 -9999 -9999 10.2882033636364 13.3372239090909 -9999 -9999 -9999 -9999 -9999 -9999 -9999 -9999 -9999 13.1960049090909 16.3528904545455 13.2289830909091 15.2695218181818 17.5017608181818 15.5508370909091 15.1032928181818 -9999 14.6381161818182 18.1379249090909 14.0417870909091 6.28733827272727 8.33189945454545 6.23115845454546 5.63313754545455 5.475119 5.27861709090909 4.9367047309833 4.76682572727273 3.68600381818182 8.61096925960637 6.12385834879406 11.8178207122774 9.68241655502392 3.27191305609284 6.87806931818182 4.2346660801564 2.38040027272727 3.72392872727273 8.25574751082251 -9999 -9999 -9999 -9999 -9999 -9999 -9999 -9999 -9999 -9999 -9999 -9999 -9999 -9999 -9999 -9999 -9999 -9999 -9999
-9999 -9999 -9999 -9999 1.78488236363636 1.65978409090909 7.48658927272727 8.75510063636364 8.22398181818182 8.41514290909091 -9999 -9999 -9999 -9999 -9999 -9999 -9999 -9999 -9999 -9999 17.5491154545455 16.1340672727273 18.1118818181818 9.67468209090909 6.71560236363636 6.68625081818182 9.19692136363636 7.64124909090909 8.71340509090909 5.41780263636364 5.94221018181818 6.91807909090909 4.99699754545454 7.03729172727273 4.608487 8.65983918181818 10.5452830909091 8.61706754545455 10.9969699090909 3.72898336363636 4.91481545454545 2.81551372727273 2.79530027548209 2.73318609090909 2.53076554545455 3.026503 4.49487575757576 5.21819424626007 1.61974054545455 1.64628909090909 1.23855145454545 1.36278631772268 1.42350257116621 10.7048986111111 -9999 -9999 -9999 -9999 -9999 -9999 -9999 -9999 -9999 -9999 -9999 -9999
2.28022436363636 2.25975518181818 1.84761590909091 1.61765536363636 -9999 -9999 -9999 -9999 1.01193981818182 1.09434272727273 1.09055109090909 5.28069063636364 6.18804481818182 6.55266854545455 6.57762781818182 -9999 -9999 -9999 -9999 -9999 -9999 -9999 -9999 -9999 -9999 -9999 12.6321876363636 5.14660654545454 5.10153609090909 5.64543172727273 6.44951054545455 10.7627806363636 -9999 -9999 -9999 -9999 -9999 -9999 -9999 -9999 -9999 -9999 -9999 5.18970654545454 13.0103842727273 12.0813530909091 17.9307294545455 7.34342472727273 3.58586236363636 5.66227381818182 5.02236990909091 2.38566490909091 2.55822618181818 0.639054909090909 0.814581272727273 1.06829772727273 0.905237818181818 6.37277918181818 6.36972963636364 -9999 -9999 -9999 -9999 -9999 -9999 -9999
-9999 1.13492654545455 1.09219572727273 -9999 -9999 -9999 -9999 -9999 3.28714236363636 3.46838563636364 3.47449345454545 5.77390327272727 5.93270409090909 6.27929645454545 6.14193472727273 7.34253163636364 7.22902190909091 8.91634645454545 12.5732183636364 16.3587037272727 -9999 -9999 -9999 -9999 -9999 7.42475209090909 4.87489363636364 6.28209663636364 4.79375918181818 4.34921081818182 3.58300509090909 -9999 -9999 -9999 -9999 -9999 -9999 -9999 -9999 -9999 -9999 -9999 -9999 -9999 -9999 -9999 -9999 -9999 -9999 16.8790420909091 20.3234745454545 2.11848427272727 13.7153540909091 11.6407756363636 1.99476545454545 2.43953563636364 0.568211090909091 0.562260909090909 0.459638363636364 1.61418756957328 0.521157833655706 -9999 -9999 -9999 -9999 -9999
2.28114027272727 2.37590890909091 2.19413518181818 2.26671136363636 2.33813272727273 2.14420390909091 2.40540554545455 2.68720881818182 5.43711645454546 5.47738127272727 4.96061563636364 5.56343309090909 5.582968 6.01654627272727 5.90029763636364 6.24923963636364 5.91864590909091 6.06547 6.23341036363636 5.98275854545455 7.88387463636364 8.54917636363636 9.39733209090909 10.39045 6.45308472727273 7.35590890909091 7.43090581818182 6.05172236363636 4.26984418181818 4.00437463636364 3.82844163636364 3.71969327272727 -9999 -9999 -9999 -9999 -9999 -9999 -9999 -9999 -9999 -9999 -9999 -9999 -9999 -9999 -9999 -9999 -9999 -9999 15.7981135454545 21.038396 20.0180617272727 -9999 6.37525845454546 2.200705 1.67982318181818 1.30193627272727 0.945750545454545 0.512974449760766 0.473684664830119 1.52241946386946 1.38764441887227 0.0649350649350649 0.162337662337662 8.79151145454546
3.45824472727273 3.43585054545455 3.23213927272727 3.51467081818182 3.22919409090909 3.88889418181818 5.04631618181818 5.752046 5.22430763636364 5.34086209090909 5.58435427272727 5.32904272727273 5.097104 5.18555281818182 5.18687609090909 5.42683636363636 5.23918345454546 5.18766518181818 5.38248154545454 5.59717818181818 5.51956454545455 5.05081754545455 6.33085790909091 -9999 -9999 -9999 -9999 -9999 -9999 -9999 -9999 -9999 -9999 -9999 -9999 -9999 -9999 -9999 -9999 -9999 -9999 -9999 -9999 -9999 -9999 -9999 -9999 -9999 3.68963145454545 2.99013736363636 4.18175481818182 2.56770045454545 6.12387990909091 8.06550172727273 6.48326718181818 2.99090890909091 4.48244763636364 1.86264872727273 4.979787 -9999 -9999 -9999 -9999 4.55869381818182 1.24261890909091 0.890617630853994
4.345634 4.39946736363636 4.510069 4.73301763636364 4.28456445454546 3.94042281818182 4.05091290909091 3.85274 4.32277972727273 4.34747109090909 4.46352963636364 4.21653290909091 4.58253109090909 4.56225609090909 4.60589154545455 4.81859981818182 4.86833172727273 4.84160518181818 4.83924936363636 4.57198718181818 6.13147209090909 4.93435154545455 -9999 -9999 4.33987481818182 3.95961754545455 4.36223936363636 3.15116427272727 -9999 -9999 -9999 -9999 -9999 -9999 -9999 -9999 -9999 -9999 -9999 -9999 -9999 1.05785309090909 0.945358636363636 0.979329727272727 1.64276909090909 2.08507418181818 2.57907481818182 1.75089827272727 1.489908 1.14963636363636 1.19768881818182 1.40754718181818 -9999 1.55232081818182 1.37416563636364 1.18145436363636 2.94958380681818 1.36616345270891 1.96538352272727 3.29198341143393 2.42741509090909 -9999 -9999 -9999 -9999 -9999
5.009505 4.80971954545455 5.07524254545455 5.03656481818182 5.41241354545455 5.73014272727273 5.80572618181818 6.23432290909091 5.93722236363636 5.59064218181818 5.11655209090909 3.75759172727273 5.11431490909091 4.31001418181818 3.80376418181818 4.25655127272727 -9999 -9999 -9999 -9999 -9999 -9999 -9999 -9999 3.38290481818182 3.22061390909091 2.63880981818182 2.563654 -9999 -9999 -9999 2.26592863636364 2.01350836363636 -9999 -9999 -9999 -9999 -9999 -9999 -9999 -9999 -9999 -9999 -9999 -9999 -9999 -9999 -9999 -9999 -9999 1.14509854545455 1.05943909090909 1.10057272727273 1.17550890909091 1.25118581818182 1.23219090909091 1.30334809090909 1.37684554545455 1.84989109090909 1.51166136363636 1.46810136363636 1.41256027272727 1.10547419651056 1.63978118181818 2.04303354545455 -9999
5.77047527272727 5.95344990909091 6.14720745454545 6.39831427272727 6.62583072727273 6.78306745454545 6.27475290909091 6.29197136363636 6.32907772727273 6.40471081818182 7.40686454545455 7.37165009090909 6.14718645454545 6.05033936363636 -9999 -9999 -9999 -9999 -9999 -9999 -9999 -9999 -9999 -9999 -9999 -9999 -9999 -9999 -9999 -9999 -9999 -9999 -9999 -9999 -9999 -9999 -9999 -9999 -9999 -9999 -9999 -9999 -9999 -9999 -9999 -9999 -9999 -9999 -9999 -9999 -9999 -9999 -9999 -9999 3.54654981818182 1.64296081818182 1.80244263636364 2.56544490909091 1.37156072727273 1.58082072727273 1.25996027272727 -9999 -9999 1.73460472727273 -9999 -9999
5.20756609090909 5.48589290909091 5.72065254545455 5.67695818181818 6.58270063636364 6.34479918181818 6.56563072727273 7.17073154545455 6.01346390909091 6.44354590909091 5.778293 6.63682463636364 -9999 -9999 -9999 -9999 -9999 -9999 -9999 -9999 -9999 -9999 -9999 -9999 -9999 -9999 -9999 -9999 -9999 2.52995845454545 2.41800563636364 -9999 -9999 -9999 -9999 -9999 -9999 -9999 -9999 -9999 -9999 -9999 -9999 -9999 -9999 -9999 -9999 -9999 -9999 -9999 -9999 -9999 -9999 -9999 -9999 -9999 -9999 1.40300227272727 1.98829627272727 1.29980290534208 1.71356990909091 -9999 -9999 -9999 -9999 -9999
2.02701409090909 2.17569763636364 4.57357963636364 5.68894009090909 5.67805827272727 5.15901390909091 6.50433672727273 7.21591509090909 5.63562827272727 -9999 -9999 -9999 -9999 -9999 -9999 -9999 -9999 -9999 -9999 -9999 -9999 -9999 -9999 -9999 -9999 -9999 -9999 -9999 -9999 -9999 -9999 -9999 -9999 -9999 -9999 -9999 -9999 -9999 -9999 -9999 5.21925555555556 4.55618161838162 4.36301304812834 4.05234155844156 2.84375496342738 5.19637806324111 2.34235005476451 2.64442324380165 3.10299100281162 2.89000817263544 -9999 -9999 -9999 -9999 -9999 -9999 -9999 -9999 -9999 -9999 -9999 -9999 -9999 -9999 -9999 -9999
1.76543963636364 1.87305027272727 2.21616090909091 2.08797818181818 1.95793936363636 1.48291172727273 0.819026181818182 1.01017363636364 -9999 -9999 -9999 -9999 -9999 -9999 -9999 -9999 -9999 -9999 -9999 -9999 -9999 -9999 -9999 -9999 -9999 -9999 -9999 -9999 -9999 -9999 -9999 -9999 -9999 -9999 -9999 -9999 -9999 -9999 -9999 -9999 4.67085417439703 5.36798201581028 2.40102995215311 1.29524894291755 1.36541167355372 1.22030089786756 1.55165323110624 1.51864928806134 1.41608817086528 1.36504307359307 1.32600160427807 1.78803904958678 1.60244926004228 1.3774721987315 3.28219285714286 -9999 -9999 -9999 -9999 -9999 -9999 -9999 -9999 -9999 -9999 -9999
1.79092109090909 1.57086690909091 2.137775 1.96479936363636 1.84791818181818 2.02301236363636 1.692358 2.05652209090909 -9999 -9999 -9999 -9999 -9999 -9999 -9999 -9999 -9999 -9999 -9999 -9999 -9999 -9999 -9999 -9999 -9999 -9999 -9999 -9999 -9999 -9999 -9999 -9999 -9999 -9999 -9999 -9999 -9999 -9999 -9999 -9999 -9999 5.21583818181818 1.73602319109462 1.84475102639296 1.32131344294004 1.39588680351906 1.36190075757576 1.34811014354067 1.28627833655706 1.23586268939394 1.04236695187166 1.11462536997886 1.2114652173913 1.32616928229665 1.68574352030948 -9999 -9999 -9999 -9999 -9999 -9999 -9999 -9999 -9999 -9999 -9999
1.413758 1.70205936363636 1.54766654545455 1.56334936363636 1.68228245454545 1.77920727272727 2.09588363636364 -9999 -9999 -9999 -9999 -9999 -9999 -9999 -9999 -9999 -9999 -9999 -9999 -9999 -9999 -9999 -9999 -9999 -9999 -9999 -9999 -9999 -9999 -9999 -9999 -9999 -9999 -9999 -9999 -9999 -9999 -9999 -9999 -9999 3.95366090909091 2.93876290909091 1.924307 1.58961854912764 1.53327000937207 1.52019643861293 1.49104170571696 1.46788579545455 1.63752518939394 1.48514480519481 1.30282837162837 1.41773706293706 1.19166647116325 1.51548758553275 1.51725323336457 -9999 -9999 -9999 -9999 -9999 -9999 -9999 -9999 -9999 3.25819809090909 3.49995290909091
1.47782127272727 1.53978345454545 1.53688709090909 1.85292490909091 1.58551990909091 1.72412063636364 1.65652772727273 1.80043790909091 1.83608727272727 1.61005663636364 -9999 -9999 -9999 -9999 -9999 -9999 -9999 -9999 -9999 -9999 -9999 -9999 -9999 -9999 -9999 -9999 -9999 -9999 -9999 -9999 -9999 -9999 -9999 -9999 -9999 -9999 -9999 -9999 -9999 -9999 -9999 1.56045154545455 1.33490862230553 1.35068631578947 1.31282156673114 1.30830444874275 1.21047511961722 1.75607057169634 1.05057235238988 1.12684810606061 1.1163114339269 1.10619441287879 1.00740492424242 1.01429194001874 1.1077305529522 4.22822222222222 0.936844886363636 1.29570844155844 2.21490330578512 -9999 -9999 -9999 4.73533945841393 3.43368153409091 13.358460697888 0.843108027079304
1.82962027272727 1.90791663636364 2.20661372727273 2.32659190909091 1.52885545454545 1.79804390909091 1.52707409090909 2.10349381818182 2.11876254545455 1.954316 1.44236909090909 -9999 -9999 -9999 -9999 -9999 -9999 -9999 -9999 -9999 -9999 -9999 -9999 -9999 -9999 -9999 -9999 -9999 -9999 -9999 -9999 -9999 -9999 -9999 -9999 -9999 -9999 -9999 -9999 -9999 -9999 -9999 3.68713058712121 3.72088882575758 2.87612424242424 2.03931416267943 1.07242253384913 1.01253352883675 1.08488056092843 1.96796928229665 1.03135674641148 1.01678094777563 0.940262215909091 0.893132575757576 0.865457544517338 1.02149886363636 2.01081990909091 2.81818595041322 1.64715781818182 2.15669263636364 3.02527009090909 1.1293433492823 1.23678754545455 1.33481124648547 6.91430072727273 7.05572203856749
2.12156518181818 1.91713672727273 1.68837990909091 1.85621981818182 1.86882154545455 1.93663118181818 1.79577981818182 1.88406463636364 1.79523345454545 2.682372 2.46681118181818 2.19985363636364 -9999 1.91707772727273 1.58238781818182 1.661658 -9999 -9999 -9999 -9999 -9999 -9999 -9999 -9999 -9999 -9999 -9999 -9999 -9999 -9999 -9999 -9999 -9999 -9999 -9999 -9999 -9999 -9999 -9999 -9999 -9999 -9999 2.60456511857708 4.47722170087977 4.62514405594406 4.48712376893939 4.49123684210526 4.41797196172249 4.35996571969697 4.380234375 4.39815994318182 4.36982244897959 4.36011753246753 1.90632634508349 1.28207536363636 0.894060700757576 1.35256935332709 1.15376400742115 2.09264672727273 1.09443654545455 1.677746 2.92399627272727 1.13818054545455 2.711039 4.03488836363636 6.73000927272727
1.83953763636364 1.69488363636364 1.87101390909091 1.82511109090909 1.93991781818182 1.72709245454545 1.82364518181818 2.25825990909091 2.24150363636364 2.45495863636364 2.57555381818182 2.44426354545455 2.53328572727273 2.60130545454545 1.78866990909091 1.61581118181818 1.53267990909091 1.61370109090909 1.55259727272727 1.65351754545455 1.24077227272727 -9999 -9999 -9999 -9999 -9999 -9999 -9999 -9999 -9999 -9999 -9999 -9999 -9999 -9999 -9999 -9999 -9999 -9999 -9999 -9999 -9999 4.89280506091846 3.91687419354839 2.91369836567926 3.66774367588933 4.53775571847507 1.19167842157842 1.16827331378299 3.42197476808905 2.72164693877551 1.14109943767573 2.02542509469697 1.21709100281162 2.73394909090909 2.76239981818182 3.00059372071228 1.54529752066116 2.99592690541781 3.99925763823805 1.0043761485826 1.00955116054159 3.64510181818182 1.19457736363636 2.30200172727273 0.798690363636364
2.284409 1.80746145454545 1.75906818181818 1.81349390909091 1.56888718181818 1.69534572727273 1.52663554545455 1.69730927272727 1.65490336363636 1.74443272727273 1.73676081818182 1.651696 2.48139281818182 2.24041954545455 2.05047390909091 1.94588236363636 1.57589318181818 1.649974 1.58307390909091 1.30400481818182 1.55277763636364 1.40991954545455 1.33110272727273 1.25195672727273 -9999 -9999 -9999 -9999 -9999 -9999 -9999 -9999 -9999 -9999 -9999 -9999 -9999 -9999 -9999 -9999 -9999 0.889331916996047 1.83357244897959 0.860736880165289 3.79097075098814 3.31685909090909 3.35025291866029 1.88738369565217 0.980869186602871 1.03912057416268 1.03339894736842 0.928860818181818 1.18165630797774 1.19824461105904 0.958439981447124 1.16075660731022 1.29528594189316 1.42931581439394 1.36928143133462 1.11561202346041 3.42016183712121 1.01056089931574 1.89157165200391 2.2044180861244 1.07623954545455 1.66457966260544
1.90525609090909 2.29781163636364 2.3462012987013 2.11827318640955 2.08693838383838 2.08634729109275 1.88194842300557 1.81680183654729 1.82045272727273 1.84700363636364 1.92057481818182 2.36532390909091 2.39681181818182 1.98745381818182 1.88096536363636 1.90092754545455 2.14113872727273 2.01923318181818 1.69278472727273 1.73208827272727 1.649051 1.48153272727273 1.39378509090909 1.18994963636364 1.312982 1.27876954545455 -9999 -9999 -9999 -9999 -9999 -9999 -9999 -9999 -9999 -9999 -9999 -9999 -9999 -9999 -9999 1.94279890909091 0.829256543456543 0.723146507177033 0.762217988394584 0.728923232323232 0.793024426078972 1.0105556937799 0.932351727272727 0.899778 0.893698090909091 0.907498818181818 1.17719601113173 1.21440435992579 1.10100541586073 0.805840669856459 0.777280956937799 1.02986690909091 1.00310190909091 0.657940316205534 0.950943636363636 0.989987450592885 1.24988685770751 1.3006041958042 0.768247181818182 0.773947454545455
2.83850572727273 2.95710181818182 2.77097281818182 2.61198330241187 2.67099487427466 2.33471966403162 2.14419446640316 2.25011237911025 2.15408066985646 2.1992478664193 2.24155473289597 1.93957554545455 2.38842829313544 1.97404254545455 2.16305654545455 2.06642309090909 2.05036927272727 1.86151354545455 1.75901345454545 1.54031609090909 1.52479709090909 1.60538845454545 1.64670954545455 1.28314481818182 1.30475736363636 1.30231390909091 1.14735454545455 1.22135845454545 1.40626863636364 1.82204781818182 1.76978363636364 -9999 -9999 -9999 -9999 -9999 -9999 2.70992154545455 2.214564 2.13923145454545 2.34480109090909 2.04064736363636 0.826079734848485 0.724115089034677 0.792788636363636 0.758715272727273 1.12706009090909 1.02853918181818 0.922441181818182 0.958333363636364 1.03354945454545 0.996101 1.24639173553719 0.948215119617225 0.957355776515152 1.14774772727273 0.868981616161616 0.87380595959596 0.895946034816248 0.656786206896552 0.616946464646465 0.797387272727273 1.2573988011988 1.64732559288538 1.05966890909091 1.05559554545455
-9999 3.50253527272727 3.09229945454545 3.13081127272727 3.40814400386847 3.06053290513834 2.95448498023715 2.91732658102767 2.67041126482213 2.43581913875598 2.18693986742424 2.24279649621212 2.15962427272727 1.80980427272727 2.08720936363636 2.32562572727273 2.10430918181818 2.15268145454545 2.07087872727273 2.21545863636364 1.91455963636364 1.556662 1.44059345454545 1.28456618181818 1.34590381818182 1.38409372727273 1.42355018181818 1.48397681818182 1.55874072727273 1.64662390909091 1.77076445454545 2.04925845454545 -9999 -9999 -9999 -9999 -9999 -9999 2.29557272727273 1.95107490909091 2.80289736363636 2.59532218181818 1.17880918181818 1.22818327272727 1.79468663636364 1.51938945454545 0.809741636363636 1.31095772727273 1.12833745454545 1.15470890909091 1.08927909090909 0.993673818181818 1.05271472727273 0.986352636363636 0.900531272727273 1.10589909090909 1.27076686868687 1.33461996047431 1.33839390609391 1.23634203323558 1.13386254940711 0.909082424242424 1.10213981818182 1.32336 1.25228445454545 1.59603909090909
-9999 -9999 -9999 3.61711563636364 3.47760899621212 3.28131673553719 2.82541462904911 2.50399566596194 2.64236673553719 2.92261136363636 2.65887052947053 2.15857032967033 2.26165004784689 2.05486063730084 2.29984236176195 2.10989724517906 2.11527063636364 2.02451045454545 2.19412781818182 2.32775327272727 2.11712527272727 2.095171 1.82511245454545 1.62769509090909 1.51261218181818 1.52276036363636 1.61446472727273 1.62535372727273 1.76862918181818 1.86372163636364 2.20905372727273 2.45762827272727 -9999 -9999 -9999 -9999 -9999 -9999 2.26189218181818 2.26995027272727 2.10761336363636 1.67072818181818 1.06570372727273 1.01107645454545 0.969432454545455 1.02837463636364 0.797501 1.37205327272727 0.842393818181818 1.13320509090909 1.00963718181818 1.05378063636364 0.885082090909091 1.15889292929293 0.877859090909091 0.975758163265306 1.10475220243674 1.79654672531769 1.88471901669759 1.7184747891284 1.21182130394858 1.084804 1.22482481818182 1.36218554545455 1.309865 1.35644927272727
