climate/climatecnrm-cm3_run1bwd.asc
NCOLS 255 
NROWS 267 
XLLCORNER -16100344 
YLLCORNER -6047616 
CELLSIZE 50000 
NODATA_value -9999 
[rows 0 to 28 of 267, columns 132 to 197 of 255]
-9999 -9999 -9999 -9999 -9999 -9999 -9999 -9999 -9999 -9999 -9999 -9999 -9999 -9999 -9999 -9999 -9999 -9999 -9999 -9999 1.66181857282502 -9999 -9999 1.25894854545455 4.23117345454545 2.50401395775941 4.2749885660731 3.60547145454545 4.19534482029598 2.06901082251082 1.90997568710359 2.45316129032258 6.287073283859 8.21135663636364 4.96096798839458 11.2214145454545 11.7784177226814 8.10804318181818 3.44663556443556 4.09535 1.95836854545455 4.18809900373599 2.86609070010449 6.41554090909091 3.80093236363636 2.97460363636364 2.64554122042341 2.40070018181818 1.28607363636364 1.727362 2.31110863636364 3.23382763636364 3.12752472727273 2.52781818181818 1.19283963636364 2.35017081818182 2.51760945454545 2.63753972727273 3.29977452651515 3.60530445454545 2.64359736363636 3.35399872727273 3.14328354545455 -9999 -9999 -9999
-9999 -9999 -9999 -9999 -9999 -9999 -9999 -9999 -9999 2.23358936363636 2.10842127272727 2.87787436363636 2.32513590909091 2.78642663636364 2.69530954545455 2.44063445454545 2.19110772727273 1.99792154545455 5.41801054545455 4.75136936363636 2.96610372727273 1.53415972727273 -9999 1.38863245454545 1.267171 1.42913372727273 1.61139127272727 1.83972918181818 1.95530209090909 2.05427709090909 2.90323572727273 1.23347081818182 1.24111854545455 2.39858345454545 1.40788663636364 2.09081827272727 3.09524072727273 3.42222127272727 1.27648381818182 0.961978363636364 1.07225481818182 1.53203654545455 1.35601381818182 3.342841 3.931693 -9999 -9999 -9999 -9999 -9999 -9999 -9999 -9999 -9999 -9999 -9999 -9999 -9999 -9999 -9999 -9999 -9999 -9999 -9999 -9999 -9999
-9999 -9999 -9999 -9999 -9999 2.75436618181818 2.37327672727273 -9999 -9999 -9999 -9999 -9999 -9999 -9999 -9999 -9999 -9999 -9999 -9999 -9999 -9999 1.68269572727273 1.73530009090909 1.53624018181818 1.74788945454545 2.02264318181818 2.33881072727273 2.52872881818182 2.42807390909091 2.47417418181818 2.16565127272727 2.30994372727273 1.33988827272727 2.48206309090909 2.044575 1.172193 1.21750472727273 1.35489754545455 1.31011518181818 2.50853627272727 -9999 -9999 -9999 -9999 -9999 -9999 -9999 -9999 -9999 -9999 -9999 -9999 -9999 -9999 -9999 -9999 -9999 -9999 -9999 -9999 -9999 -9999 -9999 -9999 -9999 -9999
11.0329441689624 -9999 -9999 -9999 -9999 -9999 13.7230922727273 10.2068382727273 12.1595146363636 -9999 -9999 -9999 2.61533645454545 2.59873790909091 2.36017318181818 2.85142790909091 1.962817 1.91564009090909 -9999 -9999 -9999 -9999 -9999 -9999 -9999 2.84433963636364 3.103861 2.76781790909091 3.03530254545455 2.23673572727273 2.98149017447199 2.69759265381084 2.00919294990724 2.89215990909091 2.72112572727273 3.09748627272727 -9999 -9999 -9999 -9999 -9999 -9999 -9999 -9999 -9999 -9999 -9999 -9999 -9999 -9999 -9999 -9999 -9999 -9999 -9999 -9999 -9999 -9999 -9999 -9999 -9999 -9999 -9999 -9999 -9999 -9999
-9999 -9999 -9999 -9999 -9999 -9999 -9999 -9999 -9999 -9999 -9999 -9999 -9999 -9999 -9999 -9999 -9999 -9999 -9999 -9999 -9999 -9999 1.76177563636364 1.81871581818182 -9999 -9999 -9999 -9999 -9999 -9999 -9999 -9999 -9999 -9999 -9999 -9999 -9999 -9999 -9999 -9999 -9999 -9999 -9999 -9999 -9999 -9999 -9999 -9999 -9999 -9999 -9999 -9999 -9999 -9999 -9999 -9999 -9999 -9999 -9999 -9999 -9999 -9999 -9999 -9999 -9999 -9999
2.14564209090909 1.77122063636364 1.88815927272727 -9999 -9999 -9999 -9999 -9999 -9999 -9999 -9999 -9999 -9999 -9999 -9999 -9999 -9999 -9999 3.48042418181818 3.66947363636364 2.72103554545455 2.22151063636364 2.78834163636364 3.74292318181818 -9999 -9999 4.21106060606061 4.36264463636364 4.54388081818182 5.11421318181818 3.75714818181818 4.84875482374768 3.12891854545455 4.31170890909091 3.03273745454545 -9999 3.78448045454545 2.99228218181818 3.773411 2.728166 2.38068136363636 1.97656863636364 2.15800218181818 -9999 -9999 -9999 -9999 -9999 -9999 -9999 -9999 -9999 -9999 -9999 -9999 -9999 -9999 -9999 -9999 -9999 -9999 -9999 -9999 -9999 -9999 -9999
3.18407627272727 -9999 -9999 -9999 -9999 -9999 1.72560090909091 2.11456 -9999 -9999 -9999 -9999 -9999 -9999 -9999 -9999 -9999 5.42684336363636 5.60936618181818 4.33437218181818 3.04923018181818 4.364656 4.12776054545454 4.465743 -9999 3.54027709090909 4.47908509090909 3.70397063636364 4.27044627272727 5.44253936363636 5.082439 4.90074036363636 5.25395845454546 3.66979636363636 4.30577918181818 4.68784354545455 2.81176327272727 4.42731138975967 3.60252647352647 6.83357122774133 5.16455075757576 2.57733837320574 2.84931686868687 2.62272849846782 2.22663287419651 3.07952545454545 3.22371110047847 -9999 -9999 -9999 -9999 -9999 -9999 -9999 -9999 -9999 -9999 -9999 -9999 -9999 -9999 -9999 -9999 -9999 -9999 -9999
-9999 -9999 -9999 -9999 1.05565090909091 0.869342181818182 1.42813318181818 2.81975990909091 2.67078709090909 2.62328427272727 -9999 -9999 -9999 -9999 -9999 -9999 -9999 -9999 -9999 -9999 3.09576281818182 3.25698236363636 3.16430690909091 3.023705 3.94857572727273 2.52839154545455 4.65913836363636 4.65641736363636 4.76981518181818 4.97015381818182 4.79777390909091 5.18792572727273 5.02363509090909 4.82487654545455 4.16919027272727 4.46251018181818 4.00197272727273 4.28176090909091 2.70146009090909 4.04677236363636 4.10580872727273 2.49585527272727 3.20778027272727 1.95341454545455 3.15846854545455 3.15884745454545 2.85976229665072 2.96984232323232 1.531968 1.551623 1.56993990909091 1.45317154545455 1.17404063079777 3.29690637408568 -9999 -9999 -9999 -9999 -9999 -9999 -9999 -9999 -9999 -9999 -9999 -9999
1.36044218181818 1.26008454545455 1.30365854545455 1.43147854545455 -9999 -9999 -9999 -9999 1.49780418181818 1.94117227272727 1.72854954545455 1.12048563636364 1.299501 3.30276909090909 4.04868727272727 -9999 -9999 -9999 -9999 -9999 -9999 -9999 -9999 -9999 -9999 -9999 3.57524109090909 4.39062672727273 4.28103336363636 4.49371990909091 4.12461909090909 4.06648227272727 -9999 -9999 -9999 -9999 -9999 -9999 -9999 -9999 -9999 -9999 -9999 1.72659281818182 3.702008 3.46044127272727 4.71706736363636 3.81973481818182 3.94894245454545 3.50488763636364 4.26768527272727 3.20648445454545 3.51561981818182 1.48645763636364 0.861244260789715 1.69868018181818 1.07026445454545 5.05969709090909 5.45914218181818 -9999 -9999 -9999 -9999 -9999 -9999 -9999
-9999 1.22615145454545 1.52692718181818 -9999 -9999 -9999 -9999 -9999 0.858670181818182 1.04387509090909 1.02398672727273 3.01810390909091 2.37872136363636 6.01311254545455 4.50601936363636 4.45877081818182 4.55684581818182 4.58392881818182 5.63912263636364 5.13884663636364 -9999 -9999 -9999 -9999 -9999 4.57010727272727 4.16863327272727 4.13021127272727 4.36398318181818 3.65141318181818 3.55389909090909 -9999 -9999 -9999 -9999 -9999 -9999 -9999 -9999 -9999 -9999 -9999 -9999 -9999 -9999 -9999 -9999 -9999 -9999 8.44539163636364 9.10443681818182 3.03181990909091 3.85695609090909 3.40144809090909 2.506379 2.93862218181818 1.02244890909091 1.05672281818182 0.940850090909091 1.01338 0.785321363636364 -9999 -9999 -9999 -9999 -9999
0.804653818181818 0.695710818181818 0.718202636363636 0.627554363636364 0.814620090909091 0.844416454545455 0.922884363636364 1.15502190909091 3.48651263636364 3.19342427272727 3.15839536363636 3.545631 4.81163472727273 5.57041381818182 5.63144954545455 5.86869327272727 5.05433754545455 5.806841 5.31491927272727 5.39442072727273 5.30953236363636 4.08153363636364 3.83223836363636 3.61024390909091 4.28625090909091 3.95414245454545 3.54729581818182 3.47345918181818 3.85180045454545 3.91437963636364 3.83752136363636 3.32284518181818 -9999 -9999 -9999 -9999 -9999 -9999 -9999 -9999 -9999 -9999 -9999 -9999 -9999 -9999 -9999 -9999 -9999 -9999 6.20950818181818 8.79571236363636 6.70811227272727 -9999 2.91085363636364 1.84329154545455 1.96707036363636 1.05040563636364 1.11049818181818 2.13567563261481 0.980319602272727 1.61096767676768 1.34783474747475 0.192307692307692 1.01173020527859 4.43795854545455
1.192552 1.94044381818182 1.87414545454545 1.28178154545455 1.69404445454545 2.11579618181818 2.252217 4.10612427272727 4.01523336363636 4.58144718181818 4.63576781818182 4.63989 4.36081927272727 4.641264 4.59314963636364 4.81390263636364 4.692137 4.72302890909091 4.26321663636364 4.60814581818182 4.48023854545455 4.44940290909091 4.51420172727273 -9999 -9999 -9999 -9999 -9999 -9999 -9999 -9999 -9999 -9999 -9999 -9999 -9999 -9999 -9999 -9999 -9999 -9999 -9999 -9999 -9999 -9999 -9999 -9999 -9999 2.40020372727273 2.867203 3.20625236363636 2.94123436363636 3.55832809090909 3.83403472727273 3.58509718181818 3.28107618181818 3.38342890909091 1.60374318181818 3.89009718181818 -9999 -9999 -9999 -9999 4.10024872727273 0.684754162679426 0.728589876033058
2.07709618181818 2.144873 2.13404781818182 2.32608536363636 2.14370763636364 2.15178663636364 2.725902 2.44614054545455 2.75079363636364 3.40604054545455 3.34424354545455 3.06895627272727 3.32542554545455 3.56224154545455 3.48967218181818 3.74984336363636 4.72484145454545 4.485639 4.03193863636364 3.85658027272727 4.15047109090909 4.35897127272727 -9999 -9999 3.07182290909091 3.16197954545455 3.81268918181818 3.47395609090909 -9999 -9999 -9999 -9999 -9999 -9999 -9999 -9999 -9999 -9999 -9999 -9999 -9999 1.11267509090909 0.945394636363636 1.04812718181818 1.43162 1.80762427272727 1.93354709090909 1.715109 1.18361327272727 1.162592 1.22543145454545 1.36059027272727 -9999 1.37567063636364 1.59353445454545 1.27077136363636 1.23295354545455 1.31224781818182 1.40981065197429 1.335793 1.71428154545455 -9999 -9999 -9999 -9999 -9999
1.54991645454545 1.64003563636364 1.70962118181818 1.76628536363636 1.896431 1.82947236363636 2.16735936363636 2.31389118181818 2.56188318181818 2.71632654545455 2.52788990909091 2.31065263636364 2.99455681818182 3.43296218181818 2.838737 4.687545 -9999 -9999 -9999 -9999 -9999 -9999 -9999 -9999 4.11212572727273 3.19966390909091 2.59058572727273 2.32137536363636 -9999 -9999 -9999 1.99073409090909 1.81304963636364 -9999 -9999 -9999 -9999 -9999 -9999 -9999 -9999 -9999 -9999 -9999 -9999 -9999 -9999 -9999 -9999 -9999 1.03430263636364 1.28203572727273 1.218145 1.223623 1.38925563636364 1.39105172727273 1.23978809090909 10.0124940909091 10.7183296602388 6.78924134897361 4.54614318181818 0.729849797979798 5.96034783057851 1.50568712121212 1.57216036363636 -9999
1.97140363636364 1.82549363636364 1.999406 2.37781481818182 2.15147518181818 2.00811318181818 2.81127445454545 2.73318763636364 2.67986654545455 3.69947172727273 3.42349809090909 3.31066381818182 4.10540272727273 3.71599763636364 -9999 -9999 -9999 -9999 -9999 -9999 -9999 -9999 -9999 -9999 -9999 -9999 -9999 -9999 -9999 -9999 -9999 -9999 -9999 -9999 -9999 -9999 -9999 -9999 -9999 -9999 -9999 -9999 -9999 -9999 -9999 -9999 -9999 -9999 -9999 -9999 -9999 -9999 -9999 -9999 0.962755 1.7952862170088 3.88517636363636 3.13609100790514 1.25592536363636 1.55601681818182 0.805165272727273 -9999 -9999 0.729711647727273 -9999 -9999
1.91929572727273 2.13404481818182 2.49343209090909 1.96350109090909 2.87968263636364 2.77977218181818 2.90301709090909 2.91415754545455 3.52661527272727 3.68564218181818 3.03379463636364 3.76074709090909 -9999 -9999 -9999 -9999 -9999 -9999 -9999 -9999 -9999 -9999 -9999 -9999 -9999 -9999 -9999 -9999 -9999 2.13723163636364 2.074057 -9999 -9999 -9999 -9999 -9999 -9999 -9999 -9999 -9999 -9999 -9999 -9999 -9999 -9999 -9999 -9999 -9999 -9999 -9999 -9999 -9999 -9999 -9999 -9999 -9999 -9999 1.01715845454545 1.05288294283037 1.13240408163265 0.36341788856305 -9999 -9999 -9999 -9999 -9999
1.66928018181818 1.68378381818182 1.696606 1.65592427272727 2.373911 1.80801354545455 3.18074909090909 2.86186890909091 3.98345645454545 -9999 -9999 -9999 -9999 -9999 -9999 -9999 -9999 -9999 -9999 -9999 -9999 -9999 -9999 -9999 -9999 -9999 -9999 -9999 -9999 -9999 -9999 -9999 -9999 -9999 -9999 -9999 -9999 -9999 -9999 -9999 5.81538780487805 6.73737820136852 6.78787588932806 6.63418565656566 5.49948764044944 7.3132977022977 2.75627353535354 6.62170939060939 10.5426711818182 8.51567860422406 -9999 -9999 -9999 -9999 -9999 -9999 -9999 -9999 -9999 -9999 -9999 -9999 -9999 -9999 -9999 -9999
1.56373390909091 1.40942745454545 1.49717854545455 1.59836772727273 1.07539609090909 1.10959609090909 1.06215409090909 1.13386945454545 -9999 -9999 -9999 -9999 -9999 -9999 -9999 -9999 -9999 -9999 -9999 -9999 -9999 -9999 -9999 -9999 -9999 -9999 -9999 -9999 -9999 -9999 -9999 -9999 -9999 -9999 -9999 -9999 -9999 -9999 -9999 -9999 5.00889400187441 5.05063917525773 3.439408 2.54292481818182 2.89049517625232 1.95510775119617 1.76644634387352 1.73973023715415 1.78710928641251 1.51166179883946 1.08547852147852 1.34645004995005 1.70428838383838 2.70919550561798 4.28296308871851 -9999 -9999 -9999 -9999 -9999 -9999 -9999 -9999 -9999 -9999 -9999
1.477107 1.60302918181818 1.72309909090909 1.52242181818182 1.29916754545455 1.321439 1.24908681818182 1.33746445454545 -9999 -9999 -9999 -9999 -9999 -9999 -9999 -9999 -9999 -9999 -9999 -9999 -9999 -9999 -9999 -9999 -9999 -9999 -9999 -9999 -9999 -9999 -9999 -9999 -9999 -9999 -9999 -9999 -9999 -9999 -9999 -9999 -9999 5.03437759412305 3.11607709090909 2.44758754545455 1.61207463636364 1.62784445454545 1.53782845454545 1.55061727272727 1.39977145454545 1.35771218181818 1.04530445454545 1.08558228200371 1.08773981818182 2.35398718181818 3.38113272727273 -9999 -9999 -9999 -9999 -9999 -9999 -9999 -9999 -9999 -9999 -9999
0.850195181818182 0.908293 1.079788 1.08123409090909 1.21256636363636 1.42764563636364 1.56690154545455 -9999 -9999 -9999 -9999 -9999 -9999 -9999 -9999 -9999 -9999 -9999 -9999 -9999 -9999 -9999 -9999 -9999 -9999 -9999 -9999 -9999 -9999 -9999 -9999 -9999 -9999 -9999 -9999 -9999 -9999 -9999 -9999 -9999 5.34350563636364 3.93666790909091 3.32454209090909 2.96826163636364 2.37869518181818 2.05774090909091 1.61464372727273 1.63256254545455 1.74843627272727 1.59659327272727 1.34220627272727 1.37085681818182 1.04345963636364 0.986688272727273 0.920470727272727 -9999 -9999 -9999 -9999 -9999 -9999 -9999 -9999 -9999 0.930538272727273 1.149878
0.732378909090909 0.985538636363636 1.08267281818182 0.981860363636364 1.190049 1.45321809090909 1.57178927272727 1.62949336363636 2.18434309090909 1.92387927272727 -9999 -9999 -9999 -9999 -9999 -9999 -9999 -9999 -9999 -9999 -9999 -9999 -9999 -9999 -9999 -9999 -9999 -9999 -9999 -9999 -9999 -9999 -9999 -9999 -9999 -9999 -9999 -9999 -9999 -9999 -9999 2.72011536363636 1.48833309090909 1.46183890909091 1.59100090909091 1.58810736363636 1.57013 1.45089727272727 1.49939372727273 1.43841090909091 1.365214 1.384337 1.22916563636364 1.15934290909091 1.261961 3.99315872727273 0.873435363636364 2.263388 5.29593781818182 -9999 -9999 -9999 5.06742763636364 1.53237463636364 0.419061363636364 0.431564727272727
1.02188818181818 1.00583836363636 1.17570872727273 1.04458481818182 1.78038236363636 1.67277640036731 1.516302 1.43806590909091 1.63489845454545 1.62211718181818 1.63040572727273 -9999 -9999 -9999 -9999 -9999 -9999 -9999 -9999 -9999 -9999 -9999 -9999 -9999 -9999 -9999 -9999 -9999 -9999 -9999 -9999 -9999 -9999 -9999 -9999 -9999 -9999 -9999 -9999 -9999 -9999 -9999 1.53095027272727 1.54735872727273 1.64011381818182 1.63433536363636 1.58697654545455 1.52782172727273 1.70162418181818 1.620176 1.40391690909091 1.43244254545455 1.29022845454545 1.18123163636364 0.996155090909091 1.05457109090909 3.71235809090909 0.791046727272727 1.65998472727273 0.999693 0.998703818181818 0.894282636363636 0.472458636363636 0.772110272727273 0.445777727272727 0.748363181818182
1.81234768089054 2.0630560296846 1.83039184629803 1.63075435992579 1.61765142045455 1.59901387066542 1.69013515769944 1.54114145454545 1.43084127272727 1.31241654545455 1.39193118181818 1.46673690909091 -9999 1.593025 1.55962909090909 1.73281863636364 -9999 -9999 -9999 -9999 -9999 -9999 -9999 -9999 -9999 -9999 -9999 -9999 -9999 -9999 -9999 -9999 -9999 -9999 -9999 -9999 -9999 -9999 -9999 -9999 -9999 -9999 1.76939209090909 1.79313363636364 1.84345327272727 1.72552881818182 1.72001218181818 1.79485136363636 1.67737081818182 1.67944309090909 1.54713554545455 1.46543909090909 1.47695636363636 1.42185018181818 1.08855036363636 1.19050615243343 1.51341209090909 1.20770245454545 1.15104445454545 0.944523818181818 1.49002181818182 1.03124872727273 0.698902272727273 0.610656363636364 0.692161454545455 0.553771636363636
1.72497463636364 1.88231245454545 1.69645318181818 1.90355627272727 1.81375996326905 1.60796009090909 1.483535 1.19021981818182 1.22290136363636 1.22741009090909 1.35243854545455 1.39673827272727 1.39651081818182 1.54075254545455 1.47930609090909 1.484906 1.41575681818182 1.54116618181818 1.47666863636364 1.520019 1.54963436363636 -9999 -9999 -9999 -9999 -9999 -9999 -9999 -9999 -9999 -9999 -9999 -9999 -9999 -9999 -9999 -9999 -9999 -9999 -9999 -9999 -9999 1.89137454545455 1.67410481818182 1.894565 1.83681236363636 1.96064518181818 1.86669636363636 1.84807836363636 1.70328936363636 1.71928109090909 1.74334663636364 1.81821345454545 1.932642 1.583975 1.48607381818182 1.37827154545455 2.60355581818182 1.25513718181818 1.27432892561983 1.47301727272727 1.58465118181818 1.26662209090909 0.900457272727273 0.721761272727273 0.714136363636364
2.22523445454545 1.89144354545455 2.19795563636364 1.60887763636364 1.54504763636364 1.55666272727273 1.79985581818182 1.868704 1.75886336363636 1.92076063636364 1.62484409090909 1.57883525046382 1.46422963636364 1.544876 1.50611245454545 1.59111345454545 1.62016027272727 1.52091 1.48760572727273 1.52662209090909 1.73956336363636 1.606566 1.48921572727273 1.61851645454545 -9999 -9999 -9999 -9999 -9999 -9999 -9999 -9999 -9999 -9999 -9999 -9999 -9999 -9999 -9999 -9999 -9999 2.137452 2.03422636363636 1.942672 2.18980681818182 2.05634936363636 2.05474563636364 2.08344154545455 1.70957836363636 1.63753781818182 1.50707572727273 1.42208563636364 1.80647727272727 1.645092 1.49902527272727 1.66894527272727 1.83326027272727 1.93824054545455 2.06072009090909 2.01387272727273 1.23876018181818 1.61360463636364 1.11475572727273 1.39849872727273 0.719454818181818 1.420751
2.13609365530303 2.48473367346939 2.00577079889807 1.67371663636364 1.85642372727273 1.83069263636364 2.56251409090909 2.60334554545455 2.60354990909091 2.94707654545455 2.75468763636364 1.49861 1.53865436363636 1.73028381818182 1.73210145454545 1.71005136363636 1.77555554545455 1.89605763636364 2.11574005681818 2.06933590909091 2.09065963636364 1.71502145454545 1.49500972727273 1.43164827272727 1.53575681818182 1.55945336363636 -9999 -9999 -9999 -9999 -9999 -9999 -9999 -9999 -9999 -9999 -9999 -9999 -9999 -9999 -9999 6.93704192949907 1.90559118181818 1.52770818181818 1.59785245454545 1.42464245454545 1.37743345454545 1.94018018181818 1.49032209090909 1.47142109090909 1.38414854545455 1.44594218181818 1.49314745454545 1.534463 1.38030354545455 1.39844863636364 1.62062981818182 1.303144 1.33748772727273 1.52796336363636 1.14066042240588 1.91572009090909 2.20527236363636 2.75003209090909 2.01464672727273 1.93433272727273
1.73962136363636 1.8937556937799 1.90709646464646 1.88707522477522 2.25825606060606 2.11865583103765 2.04142090909091 2.04094709090909 2.82239909090909 2.66606336363636 2.81829536363636 3.26890954545455 3.10790481818182 2.87501731141199 2.87299023210832 2.53445919191919 2.25993245356794 2.67470568181818 2.06248426197458 2.21938909090909 2.212762 2.33924591368228 2.45206809090909 1.68524909090909 1.83961781818182 1.945634 1.65128863636364 1.80014836363636 1.80326345454545 2.03129118181818 2.33855890909091 -9999 -9999 -9999 -9999 -9999 -9999 8.89350736363636 7.44452581818182 7.26699109090909 6.93764611742424 5.93936740128558 1.700012 1.466505 1.588506 1.39327018181818 2.29128218181818 1.90195672727273 1.57214418181818 1.48118972727273 1.48229281818182 1.44240272727273 1.61703363636364 1.37295090909091 1.40776836363636 1.57497227272727 1.57360863636364 1.63510427272727 1.37294390909091 1.67083054545455 1.59896990909091 1.55835245454545 2.05288345454545 2.40849081818182 1.77021272727273 1.58373054545455
-9999 2.45825504495504 1.87550281385281 2.00181588296761 2.14165676767677 1.88974061264822 1.88644932301741 1.91446607310216 1.87919165120594 1.73152295684114 3.20952136363636 3.11346436363636 2.76787923444976 2.5637605015674 2.87362128342246 3.14472952101662 2.9920802020202 3.23628984526112 3.30023065764023 3.25049393939394 2.96617167464115 2.44228036363636 1.98727181818182 1.73986918181818 1.78450290909091 1.85033281818182 1.93685190909091 2.06596981818182 2.29057118181818 2.38777145454545 2.51267018181818 2.79138345454545 -9999 -9999 -9999 -9999 -9999 -9999 2.61571609090909 2.53942645454545 6.3006412371134 5.13590674789128 1.81236072727273 1.53357354545455 4.06577309458219 3.76977036363636 1.25917436363636 2.55760627272727 3.10952145454545 1.77083227272727 1.71777763636364 1.64901681818182 1.69413390909091 1.65570981818182 1.596908 1.73625472727273 1.25353454545455 1.22060581818182 1.36618445454545 1.04334781818182 1.53904972727273 1.71746372727273 1.94600972727273 2.07591645454545 1.99350536363636 2.34449181818182
-9999 -9999 -9999 2.30949604278075 2.11343698347107 2.06163818181818 2.22407863636364 2.32582866419295 1.98541882460973 1.74552727272727 1.68086271808999 2.03808554545455 2.96801009090909 3.16861521335807 3.36002482893451 3.44207101010101 3.32414016913319 3.30595761226725 3.4480134720701 3.54024320735444 3.40541338661339 3.40460345849802 2.41743927272727 2.04253563636364 2.02914754545455 1.92455472727273 1.89083172727273 2.02895009090909 2.06843745454545 2.28667754545455 2.64221018181818 2.89144972727273 -9999 -9999 -9999 -9999 -9999 -9999 2.34397272727273 2.40302572727273 2.44387536363636 2.39889763636364 1.65500772727273 1.58834409090909 1.44152318181818 1.254433 1.21042018181818 3.34995890538033 1.102599 2.94243472727273 1.54975681818182 1.64423709090909 1.54441662075298 1.75470490909091 1.55666897844424 1.54969550140581 1.61650269016698 1.39448645454545 1.520924 1.45006427272727 1.20690727272727 1.47070927272727 1.93369390909091 2.04786118181818 1.97847527272727 1.89603154545455
